Time	Fascicle Length R1_F1	Pennation Angle R1_F1	Fascicle Length R1_F2	Pennation Angle R1_F2	
0.051935	62.348	0.2839	63.857	0.29362
0.10387	63.117	0.28316	66.159	0.28981
0.1558	63.256	0.28223	66.306	0.28884
0.20774	63.296	0.28185	66.347	0.28846
0.25967	63.33	0.28247	66.385	0.28907
0.31161	63.32	0.28132	66.373	0.28791
0.36354	63.461	0.28063	66.522	0.2872
0.41548	63.494	0.28124	66.557	0.28782
0.46741	63.579	0.27996	66.646	0.28652
0.51935	63.601	0.2783	66.669	0.28484
0.57128	63.676	0.27874	66.749	0.28528
0.62321	63.76	0.27798	66.837	0.28452
0.67515	63.87	0.27654	66.952	0.28306
0.72708	63.944	0.27634	67.031	0.28285
0.77902	63.95	0.27544	67.038	0.28194
0.83095	64.094	0.27459	67.189	0.28108
0.88289	64.187	0.27358	67.287	0.28007
0.93482	64.24	0.27431	67.344	0.28079
0.98676	64.25	0.27373	67.354	0.28021
1.0387	64.383	0.27286	67.494	0.27932
1.0906	64.379	0.27302	67.49	0.27948
1.1426	64.423	0.2723	67.536	0.27874
1.1945	64.386	0.27219	67.497	0.27864
1.2464	64.47	0.27254	67.586	0.27898
1.2984	64.538	0.27289	67.657	0.27932
1.3503	64.574	0.27134	67.695	0.27776
1.4022	64.636	0.2718	67.761	0.27822
1.4542	64.731	0.27126	67.861	0.27766
1.5061	64.739	0.27177	67.87	0.27817
1.558	64.834	0.27169	67.969	0.27809
1.61	64.854	0.27235	67.991	0.27874
1.6619	64.966	0.27108	68.108	0.27745
1.7138	64.927	0.27128	68.068	0.27765
1.7658	64.997	0.27147	68.141	0.27784
1.8177	65.03	0.27118	68.176	0.27754
1.8696	65.116	0.27086	68.267	0.2772
1.9216	65.118	0.27108	68.27	0.27742
1.9735	65.187	0.26999	68.341	0.27632
2.0254	65.193	0.27044	68.349	0.27677
2.0774	65.302	0.27048	68.463	0.2768
2.1293	65.334	0.27074	68.497	0.27706
2.1813	65.466	0.27013	68.637	0.27644
2.2332	65.639	0.26926	68.818	0.27556
2.2851	65.568	0.27085	68.746	0.27716
2.3371	65.552	0.27102	68.729	0.27733
2.389	65.622	0.27087	68.803	0.27718
2.4409	65.725	0.27111	68.912	0.27742
2.4929	65.799	0.27187	68.991	0.27818
2.5448	65.828	0.27193	69.022	0.27825
2.5967	65.843	0.27247	69.038	0.27878
2.6487	65.924	0.2722	69.124	0.2785
2.7006	65.927	0.27225	69.128	0.27855
2.7525	65.988	0.27293	69.193	0.27922
2.8045	66.095	0.27275	69.305	0.27903
2.8564	66.166	0.27267	69.38	0.27895
2.9083	66.189	0.27364	69.406	0.27993
2.9603	66.254	0.27362	69.474	0.2799
3.0122	66.285	0.2743	69.507	0.28058
3.0641	66.243	0.27442	69.464	0.28069
3.1161	66.267	0.27355	69.489	0.27982
3.168	66.3	0.27379	69.524	0.28005
3.2199	66.28	0.27358	69.503	0.27985
3.2719	66.385	0.27421	69.614	0.28047
3.3238	66.485	0.27466	69.719	0.28092
3.3757	66.5	0.27491	69.736	0.28117
3.4277	66.592	0.27459	69.833	0.28084
3.4796	66.568	0.27501	69.808	0.28127
3.5316	66.645	0.27539	69.889	0.28164
3.5835	66.688	0.27487	69.935	0.28112
3.6354	66.679	0.27543	69.926	0.28168
3.6874	66.754	0.27555	70.005	0.28179
3.7393	66.812	0.27519	70.067	0.28143
3.7912	66.822	0.27505	70.077	0.28128
3.8432	66.915	0.27484	70.175	0.28107
3.8951	66.947	0.27529	70.21	0.28152
3.947	67.01	0.27462	70.277	0.28084
3.999	67.073	0.27455	70.343	0.28076
4.0509	67.144	0.27418	70.418	0.28038
4.1028	67.185	0.27455	70.462	0.28076
4.1548	67.28	0.27445	70.563	0.28065
4.2067	67.346	0.27494	70.632	0.28113
4.2586	67.381	0.27504	70.669	0.28124
4.3106	67.44	0.27541	70.732	0.2816
4.3625	67.473	0.27531	70.766	0.28149
4.4144	67.481	0.27507	70.776	0.28126
4.4664	67.561	0.27531	70.86	0.28149
4.5183	67.633	0.27439	70.935	0.28056
4.5702	67.688	0.27529	70.994	0.28146
4.6222	67.746	0.27581	71.056	0.28198
4.6741	67.782	0.27519	71.094	0.28137
4.726	67.825	0.27673	71.14	0.28291
4.778	67.865	0.2763	71.181	0.28247
4.8299	67.961	0.27581	71.283	0.28197
4.8818	67.976	0.27603	71.299	0.28218
4.9338	68.033	0.27519	71.359	0.28134
4.9857	68.066	0.27533	71.394	0.28148
5.0377	68.117	0.27534	71.448	0.28148
5.0896	68.186	0.27526	71.521	0.2814
5.1415	68.2	0.27602	71.536	0.28215
5.1935	68.202	0.27562	71.538	0.28174
5.2454	68.212	0.27503	71.549	0.28114
5.2973	68.238	0.2749	71.576	0.281
5.3493	68.279	0.27459	71.619	0.28068
5.4012	68.326	0.27451	71.669	0.2806
5.4531	68.339	0.27508	71.682	0.28116
5.5051	68.44	0.27428	71.788	0.28035
5.557	68.461	0.27404	71.811	0.28012
5.6089	68.549	0.2738	71.903	0.27986
5.6609	68.567	0.27443	71.923	0.2805
5.7128	68.658	0.27312	72.018	0.27918
5.7647	68.685	0.27356	72.047	0.27962
5.8167	68.721	0.27489	72.085	0.28095
5.8686	68.777	0.27462	72.145	0.28067
5.9205	68.794	0.27479	72.163	0.28084
5.9725	68.893	0.27457	72.268	0.28061
6.0244	68.914	0.27512	72.291	0.28115
6.0763	68.938	0.27509	72.316	0.28112
6.1283	69.003	0.27514	72.385	0.28117
6.1802	69.027	0.27614	72.412	0.28218
6.2321	69.093	0.27626	72.482	0.2823
6.2841	69.139	0.27664	72.531	0.28268
6.336	69.204	0.27712	72.601	0.28315
6.388	69.345	0.27731	72.75	0.28334
6.4399	69.443	0.27722	72.853	0.28325
6.4918	69.488	0.2779	72.9	0.28392
6.5438	69.577	0.27887	72.995	0.28489
6.5957	69.625	0.27905	73.046	0.28507
6.6476	69.701	0.27936	73.127	0.28538
6.6996	69.761	0.27978	73.191	0.28579
6.7515	69.772	0.28044	73.203	0.28646
6.8034	69.89	0.28007	73.327	0.28608
6.8554	70.028	0.28028	73.472	0.28628
6.9073	70.108	0.27986	73.557	0.28586
6.9592	70.114	0.28004	73.564	0.28603
7.0112	70.162	0.2802	73.615	0.28619
7.0631	70.201	0.27984	73.656	0.28584
7.115	70.264	0.27952	73.722	0.28551
7.167	70.337	0.28005	73.8	0.28603
7.2189	70.414	0.28	73.883	0.28598
7.2708	70.482	0.28028	73.954	0.28626
7.3228	70.523	0.28064	73.998	0.28662
7.3747	70.617	0.2809	74.097	0.28688
7.4266	70.689	0.2818	74.175	0.28778
7.4786	70.797	0.28086	74.288	0.28684
7.5305	70.85	0.28178	74.345	0.28776
7.5824	70.869	0.28193	74.365	0.28791
7.6344	70.911	0.28246	74.41	0.28843
7.6863	70.961	0.28276	74.464	0.28873
7.7382	71.058	0.28307	74.566	0.28904
7.7902	71.057	0.28358	74.565	0.28956
7.8421	71.138	0.2839	74.652	0.28987
7.8941	71.206	0.28405	74.724	0.29001
7.946	71.279	0.28435	74.802	0.29031
7.9979	71.391	0.28384	74.92	0.2898
8.0499	71.406	0.28427	74.937	0.29023
8.1018	71.513	0.28377	75.05	0.28971
8.1537	71.564	0.28355	75.104	0.28948
8.2057	71.62	0.28362	75.163	0.28955
8.2576	71.724	0.28356	75.273	0.28949
8.3095	71.814	0.28317	75.368	0.28909
8.3615	71.907	0.28318	75.466	0.2891
8.4134	71.907	0.28269	75.467	0.2886
8.4653	71.956	0.28325	75.519	0.28917
8.5173	72.061	0.28395	75.631	0.28986
8.5692	72.14	0.28408	75.713	0.28998
8.6211	72.194	0.28452	75.772	0.29043
8.6731	72.229	0.2843	75.809	0.2902
8.725	72.252	0.28427	75.833	0.29016
8.7769	72.243	0.28426	75.823	0.29015
8.8289	72.351	0.28385	75.937	0.28973
8.8808	72.396	0.28443	75.986	0.29031
8.9327	72.451	0.28503	76.044	0.29091
8.9847	72.501	0.2855	76.097	0.29139
9.0366	72.569	0.28478	76.169	0.29066
9.0885	72.577	0.28498	76.178	0.29086
9.1405	72.665	0.28492	76.271	0.29079
9.1924	72.649	0.28486	76.255	0.29074
9.2444	72.736	0.28517	76.348	0.29104
9.2963	72.854	0.28503	76.471	0.29091
9.3482	72.925	0.28497	76.547	0.29083
9.4002	73.046	0.28542	76.675	0.29127
9.4521	73.104	0.28588	76.736	0.29174
9.504	73.164	0.28483	76.8	0.29068
9.556	73.212	0.28441	76.85	0.29026
9.6079	73.275	0.28545	76.917	0.29129
9.6598	73.271	0.28594	76.914	0.29179
9.7118	73.25	0.28703	76.893	0.29287
9.7637	73.274	0.28738	76.919	0.29323
9.8156	73.343	0.28815	76.992	0.294
9.8676	73.348	0.28789	76.998	0.29374
9.9195	73.391	0.28806	77.044	0.29391
9.9714	73.475	0.28802	77.132	0.29387
10.023	73.512	0.28807	77.172	0.29391
10.075	73.509	0.28847	77.169	0.29431
10.127	73.603	0.28915	77.269	0.29499
10.179	73.612	0.28995	77.279	0.2958
10.231	73.701	0.29065	77.373	0.29649
10.283	73.741	0.29051	77.416	0.29635
10.335	73.815	0.28984	77.494	0.29567
10.387	73.877	0.29019	77.561	0.29603
10.439	73.959	0.29048	77.647	0.29631
10.491	73.981	0.29034	77.67	0.29617
10.543	73.998	0.291	77.689	0.29683
10.595	73.977	0.2907	77.667	0.29653
10.647	74.069	0.29064	77.764	0.29646
10.699	74.166	0.29151	77.866	0.29733
10.75	74.208	0.29171	77.911	0.29753
10.802	74.153	0.29171	77.854	0.29753
10.854	74.229	0.29144	77.935	0.29725
10.906	74.275	0.29187	77.983	0.29769
10.958	74.311	0.29188	78.022	0.29769
11.01	74.419	0.29162	78.135	0.29742
11.062	74.498	0.29105	78.218	0.29685
11.114	74.544	0.29156	78.267	0.29736
11.166	74.56	0.29146	78.284	0.29725
11.218	74.558	0.29145	78.283	0.29725
11.27	74.65	0.29194	78.381	0.29774
11.322	74.793	0.29225	78.532	0.29804
11.374	74.891	0.29189	78.635	0.29768
11.426	74.93	0.29312	78.677	0.29891
11.478	75.061	0.29353	78.815	0.29932
11.529	75.041	0.2935	78.796	0.29929
11.581	75.046	0.29357	78.802	0.29937
11.633	75.066	0.2943	78.823	0.30011
11.685	75.168	0.29565	78.932	0.30146
11.737	75.246	0.29588	79.015	0.30169
11.789	75.372	0.29611	79.147	0.30192
11.841	75.38	0.29667	79.157	0.30247
11.893	75.395	0.29657	79.173	0.30238
11.945	75.42	0.29655	79.2	0.30236
11.997	75.472	0.29691	79.255	0.30273
12.049	75.441	0.29751	79.224	0.30334
12.101	75.55	0.2983	79.339	0.30412
12.153	75.627	0.29877	79.421	0.30459
12.205	75.745	0.29891	79.546	0.30473
12.257	75.739	0.29882	79.541	0.30463
12.308	75.86	0.29924	79.669	0.30505
12.36	75.92	0.29924	79.731	0.30505
12.412	76.047	0.29963	79.866	0.30544
12.464	75.993	0.3002	79.809	0.30602
12.516	76.032	0.30069	79.852	0.30651
12.568	76.154	0.30042	79.98	0.30623
12.62	76.243	0.30028	80.074	0.30609
12.672	76.237	0.30062	80.068	0.30643
12.724	76.308	0.30172	80.144	0.30754
12.776	76.436	0.30189	80.279	0.3077
12.828	76.467	0.30211	80.312	0.30792
12.88	76.545	0.30202	80.394	0.30783
12.932	76.586	0.30211	80.438	0.30793
12.984	76.617	0.30302	80.472	0.30883
13.036	76.647	0.30288	80.503	0.30869
13.088	76.694	0.30266	80.553	0.30847
13.139	76.752	0.30295	80.615	0.30875
13.191	76.735	0.3032	80.597	0.30901
13.243	76.784	0.30332	80.649	0.30913
13.295	76.879	0.30349	80.749	0.30929
13.347	76.971	0.30375	80.847	0.30954
13.399	76.998	0.30259	80.874	0.30838
13.451	76.965	0.30285	80.84	0.30864
13.503	77.05	0.30297	80.929	0.30876
13.555	77.03	0.30357	80.908	0.30937
13.607	77.101	0.30394	80.984	0.30974
13.659	77.065	0.30377	80.946	0.30957
13.711	77.107	0.3044	80.991	0.3102
13.763	77.156	0.30428	81.043	0.31008
13.815	77.223	0.30412	81.114	0.30992
13.867	77.25	0.30457	81.142	0.31036
13.918	77.285	0.30438	81.179	0.31017
13.97	77.26	0.30467	81.153	0.31047
14.022	77.262	0.30534	81.155	0.31114
14.074	77.249	0.30534	81.142	0.31114
14.126	77.275	0.3056	81.17	0.3114
14.178	77.322	0.30662	81.219	0.31242
14.23	77.382	0.3067	81.283	0.31249
14.282	77.389	0.30712	81.29	0.31292
14.334	77.374	0.30731	81.274	0.31311
14.386	77.337	0.30761	81.235	0.31342
14.438	77.399	0.30773	81.301	0.31353
14.49	77.448	0.30729	81.352	0.31309
14.542	77.473	0.3066	81.378	0.31239
14.594	77.411	0.30688	81.313	0.31267
14.646	77.458	0.30656	81.361	0.31235
14.697	77.448	0.30676	81.351	0.31255
14.749	77.477	0.30648	81.382	0.31227
14.801	77.47	0.30715	81.376	0.31294
14.853	77.517	0.30732	81.424	0.31312
14.905	77.584	0.3072	81.496	0.31299
14.957	77.541	0.30796	81.451	0.31377
15.009	77.591	0.30809	81.505	0.3139
15.061	77.589	0.30851	81.503	0.31433
15.113	77.537	0.30866	81.448	0.31448
15.165	77.558	0.30908	81.471	0.3149
15.217	77.63	0.30943	81.546	0.31525
15.269	77.65	0.30954	81.568	0.31536
15.321	77.679	0.30997	81.599	0.31579
15.373	77.669	0.31018	81.59	0.31601
15.425	77.729	0.31058	81.654	0.31641
15.476	77.772	0.31093	81.699	0.31676
15.528	77.762	0.31169	81.689	0.31752
15.58	77.814	0.31157	81.744	0.3174
15.632	77.828	0.3122	81.76	0.31803
15.684	77.923	0.31198	81.859	0.31782
15.736	77.938	0.31251	81.876	0.31835
15.788	77.952	0.31346	81.892	0.31931
15.84	78.031	0.31327	81.975	0.3191
15.892	78.011	0.314	81.955	0.31984
15.944	78.1	0.3141	82.049	0.31994
15.996	78.132	0.31456	82.083	0.3204
16.048	78.236	0.3144	82.194	0.32023
16.1	78.258	0.31473	82.217	0.32055
16.152	78.435	0.31338	82.401	0.31919
16.204	78.439	0.31361	82.407	0.31943
16.256	78.358	0.31404	82.322	0.31986
16.307	78.376	0.31344	82.341	0.31926
16.359	78.402	0.31386	82.369	0.31968
16.411	78.386	0.31399	82.352	0.31981
16.463	78.473	0.31402	82.443	0.31984
16.515	78.521	0.31454	82.495	0.32037
16.567	78.494	0.31642	82.467	0.32226
16.619	78.534	0.31674	82.51	0.32258
16.671	78.512	0.31685	82.487	0.32269
16.723	78.56	0.3169	82.537	0.32274
16.775	78.636	0.31605	82.616	0.32188
16.827	78.683	0.31615	82.667	0.32198
16.879	78.73	0.31616	82.716	0.32199
16.931	78.769	0.3153	82.756	0.32112
16.983	78.736	0.31517	82.722	0.32099
17.035	78.809	0.31455	82.798	0.32036
17.086	78.751	0.31513	82.739	0.32095
17.138	78.752	0.31546	82.739	0.32128
17.19	78.772	0.31563	82.76	0.32146
17.242	78.796	0.31545	82.785	0.32127
17.294	78.851	0.31522	82.842	0.32104
17.346	78.884	0.31509	82.877	0.32091
17.398	78.904	0.31481	82.898	0.32062
17.45	78.836	0.31416	82.826	0.31998
17.502	78.755	0.31494	82.741	0.32076
17.554	78.76	0.31517	82.747	0.32099
17.606	78.867	0.31458	82.858	0.32039
17.658	78.908	0.31386	82.901	0.31967
17.71	78.836	0.31394	82.825	0.31976
17.762	78.835	0.31365	82.825	0.31946
17.814	78.818	0.31361	82.807	0.31942
17.865	78.785	0.31416	82.773	0.31998
17.917	78.834	0.31417	82.825	0.31999
17.969	78.837	0.31372	82.827	0.31953
18.021	78.853	0.31395	82.843	0.31976
18.073	78.896	0.31374	82.888	0.31955
18.125	78.837	0.31392	82.826	0.31973
18.177	78.846	0.31363	82.835	0.31943
18.229	78.822	0.31236	82.808	0.31816
18.281	78.763	0.3118	82.746	0.3176
18.333	78.717	0.31156	82.697	0.31735
18.385	78.648	0.31193	82.623	0.31773
18.437	78.707	0.31125	82.685	0.31703
18.489	78.615	0.31131	82.589	0.31711
18.541	78.566	0.31191	82.537	0.3177
18.593	78.584	0.3112	82.555	0.317
18.645	78.578	0.31111	82.548	0.31691
18.696	78.541	0.31061	82.509	0.31641
18.748	78.515	0.3108	82.482	0.3166
18.8	78.485	0.31049	82.45	0.31629
18.852	78.403	0.31073	82.363	0.31653
18.904	78.397	0.31036	82.356	0.31616
18.956	78.396	0.31045	82.355	0.31625
19.008	78.329	0.31041	82.285	0.31621
19.06	78.375	0.31033	82.333	0.31613
19.112	78.313	0.31007	82.268	0.31587
19.164	78.235	0.30957	82.185	0.31537
19.216	78.211	0.30955	82.16	0.31535
19.268	78.24	0.30948	82.19	0.31529
19.32	78.215	0.30961	82.163	0.31541
19.372	78.163	0.3093	82.109	0.31511
19.424	78.153	0.30927	82.097	0.31508
19.475	78.105	0.30924	82.047	0.31505
19.527	78.174	0.30921	82.12	0.31502
19.579	78.17	0.30941	82.116	0.31522
19.631	78.104	0.30913	82.046	0.31495
19.683	78.002	0.30983	81.939	0.31566
19.735	78.013	0.30936	81.95	0.31518
19.787	78.063	0.30913	82.002	0.31495
19.839	78.05	0.30858	81.987	0.31439
19.891	77.996	0.3087	81.93	0.31452
19.943	78.004	0.30802	81.938	0.31384
19.995	78.03	0.30738	81.964	0.31319
20.047	77.986	0.30788	81.919	0.3137
20.099	78.008	0.30831	81.943	0.31413
20.151	77.98	0.30845	81.912	0.31427
20.203	77.908	0.30738	81.836	0.3132
20.254	77.944	0.30682	81.873	0.31264
20.306	77.942	0.30659	81.871	0.3124
20.358	77.935	0.30649	81.863	0.31231
20.41	77.867	0.3068	81.792	0.31263
20.462	77.866	0.30683	81.791	0.31266
20.514	77.912	0.30593	81.838	0.31175
20.566	77.844	0.30501	81.766	0.31082
20.618	77.858	0.30479	81.78	0.3106
20.67	77.848	0.30437	81.769	0.31018
