Time	Fascicle Length R1_F1	Pennation Angle R1_F1	Fascicle Length R1_F2	Pennation Angle R1_F2	Time	Fascicle Length R2_F1	Pennation Angle R2_F1	
0.053591	63.184	0.29788	61.994	0.31635	0.053591	33.846	0.43984
0.10718	63.007	0.29643	62.052	0.31549	0.10718	35.968	0.41666
0.16077	63.073	0.29652	62.119	0.31555	0.16077	35.985	0.41601
0.21436	63.188	0.2958	62.232	0.31477	0.21436	36.065	0.4148
0.26795	63.248	0.29546	62.295	0.31439	0.26795	36.103	0.41407
0.32154	63.258	0.29534	62.306	0.31426	0.32154	36.107	0.41382
0.37513	63.33	0.29498	62.378	0.31387	0.37513	36.114	0.41326
0.42872	63.448	0.29497	62.496	0.31381	0.42872	36.188	0.41202
0.48232	63.397	0.29335	62.447	0.31219	0.48232	36.198	0.41371
0.53591	63.533	0.29348	62.584	0.31226	0.53591	36.234	0.41268
0.5895	63.633	0.29282	62.683	0.31154	0.5895	36.301	0.41281
0.64309	63.613	0.29233	62.665	0.31104	0.64309	36.298	0.4126
0.69668	63.622	0.29166	62.676	0.31034	0.69668	36.369	0.41219
0.75027	63.789	0.29133	62.844	0.30994	0.75027	36.489	0.41118
0.80386	63.814	0.29049	62.869	0.30906	0.80386	36.505	0.41101
0.85745	63.912	0.29023	62.968	0.30878	0.85745	36.563	0.41062
0.91104	63.979	0.28965	63.035	0.30816	0.91104	36.601	0.41048
0.96463	64.086	0.28869	63.142	0.30716	0.96463	36.671	0.41003
1.0182	64.113	0.28849	63.169	0.30695	1.0182	36.708	0.41033
1.0718	64.115	0.2897	63.176	0.30816	1.0718	36.662	0.40945
1.1254	64.2	0.28844	63.26	0.30686	1.1254	36.722	0.40963
1.179	64.246	0.28829	63.305	0.30669	1.179	36.756	0.40849
1.2326	64.271	0.2884	63.332	0.30677	1.2326	36.77	0.40791
1.2862	64.298	0.28635	63.357	0.30468	1.2862	36.885	0.4102
1.3398	64.355	0.28657	63.415	0.30488	1.3398	36.903	0.40904
1.3934	64.403	0.28689	63.465	0.3052	1.3934	36.957	0.40804
1.4469	64.45	0.28627	63.515	0.30454	1.4469	37.035	0.40762
1.5005	64.457	0.28641	63.526	0.30464	1.5005	37.134	0.40724
1.5541	64.535	0.28474	63.604	0.3029	1.5541	37.265	0.40907
1.6077	64.532	0.28279	63.602	0.30089	1.6077	37.331	0.41198
1.6613	64.585	0.28227	63.654	0.3003	1.6613	37.412	0.41203
1.7149	64.545	0.28087	63.616	0.29888	1.7149	37.442	0.41424
1.7685	64.668	0.28048	63.738	0.29845	1.7685	37.501	0.41239
1.8221	64.742	0.28118	63.814	0.29914	1.8221	37.514	0.41063
1.8757	64.778	0.28058	63.851	0.29852	1.8757	37.593	0.41078
1.9293	64.78	0.28068	63.854	0.29862	1.9293	37.619	0.41057
1.9829	64.758	0.28035	63.832	0.29827	1.9829	37.643	0.41013
2.0364	64.787	0.27949	63.862	0.29738	2.0364	37.663	0.40968
2.09	64.75	0.27966	63.827	0.29757	2.09	37.639	0.40992
2.1436	64.733	0.28027	63.813	0.29817	2.1436	37.623	0.4098
2.1972	64.764	0.2797	63.845	0.29757	2.1972	37.691	0.41001
2.2508	64.827	0.27825	63.909	0.29606	2.2508	37.796	0.41073
2.3044	64.9	0.27738	63.983	0.29512	2.3044	37.905	0.4107
2.358	64.897	0.2772	63.983	0.29491	2.358	37.96	0.41102
2.4116	64.968	0.27672	64.056	0.29442	2.4116	38.016	0.41115
2.4652	65.092	0.27753	64.181	0.2952	2.4652	38.065	0.40918
2.5188	65.131	0.27788	64.223	0.29553	2.5188	38.064	0.40884
2.5723	65.106	0.27838	64.201	0.29604	2.5723	38.074	0.40889
2.6259	65.195	0.27751	64.291	0.29515	2.6259	38.147	0.40924
2.6795	65.237	0.27678	64.333	0.29439	2.6795	38.217	0.40994
2.7331	65.268	0.27697	64.367	0.29455	2.7331	38.233	0.40895
2.7867	65.255	0.27738	64.356	0.29497	2.7867	38.187	0.40836
2.8403	65.324	0.27727	64.426	0.29484	2.8403	38.21	0.40791
2.8939	65.383	0.27711	64.485	0.29465	2.8939	38.251	0.40726
2.9475	65.414	0.27558	64.515	0.29309	2.9475	38.314	0.40775
3.0011	65.563	0.2747	64.663	0.29217	3.0011	38.42	0.40726
3.0547	65.547	0.27484	64.649	0.29231	3.0547	38.398	0.40709
3.1083	65.649	0.27513	64.753	0.29257	3.1083	38.429	0.40614
3.1618	65.649	0.27494	64.753	0.29236	3.1618	38.43	0.40611
3.2154	65.694	0.27405	64.798	0.29146	3.2154	38.494	0.40625
3.269	65.702	0.27368	64.808	0.29108	3.269	38.513	0.4065
3.3226	65.766	0.27269	64.871	0.29004	3.3226	38.564	0.40667
3.3762	65.884	0.27199	64.987	0.28931	3.3762	38.646	0.40619
3.4298	65.911	0.27211	65.017	0.28946	3.4298	38.655	0.40669
3.4834	66.007	0.27318	65.114	0.29051	3.4834	38.665	0.40509
3.537	66.026	0.2727	65.134	0.29001	3.537	38.696	0.40543
3.5906	66.094	0.27135	65.202	0.28861	3.5906	38.753	0.40533
3.6442	66.154	0.2708	65.262	0.28802	3.6442	38.791	0.40479
3.6977	66.144	0.2702	65.254	0.28739	3.6977	38.782	0.40513
3.7513	66.158	0.26978	65.268	0.28698	3.7513	38.79	0.4056
3.8049	66.298	0.26993	65.408	0.2871	3.8049	38.86	0.40457
3.8585	66.242	0.26976	65.355	0.28693	3.8585	38.84	0.40517
3.9121	66.331	0.26978	65.444	0.28691	3.9121	38.88	0.40381
3.9657	66.293	0.26896	65.407	0.28607	3.9657	38.879	0.40467
4.0193	66.39	0.26846	65.505	0.28555	4.0193	38.935	0.40449
4.0729	66.443	0.26842	65.559	0.28549	4.0729	38.958	0.40403
4.1265	66.509	0.26809	65.626	0.28514	4.1265	39.002	0.40389
4.1801	66.534	0.26829	65.653	0.28532	4.1801	38.997	0.40346
4.2337	66.574	0.26803	65.693	0.28505	4.2337	39.03	0.40317
4.2872	66.642	0.26734	65.762	0.28434	4.2872	39.08	0.40328
4.3408	66.683	0.26671	65.804	0.28371	4.3408	39.132	0.40435
4.3944	66.774	0.26692	65.895	0.28391	4.3944	39.159	0.40402
4.448	66.8	0.26675	65.922	0.28371	4.448	39.199	0.40353
4.5016	66.864	0.26622	65.987	0.28316	4.5016	39.241	0.40326
4.5552	66.85	0.26638	65.974	0.28333	4.5552	39.226	0.40342
4.6088	66.968	0.26672	66.091	0.28363	4.6088	39.272	0.40119
4.6624	66.94	0.26707	66.066	0.28398	4.6624	39.258	0.40078
4.716	66.946	0.26697	66.073	0.28389	4.716	39.266	0.40086
4.7696	66.913	0.26781	66.043	0.28471	4.7696	39.268	0.3998
4.8232	66.97	0.26702	66.1	0.28391	4.8232	39.324	0.40017
4.8767	66.906	0.26738	66.039	0.2843	4.8767	39.298	0.40047
4.9303	66.972	0.2675	66.105	0.2844	4.9303	39.31	0.40035
4.9839	66.981	0.26779	66.115	0.2847	4.9839	39.319	0.40025
5.0375	67.068	0.26773	66.202	0.28463	5.0375	39.376	0.39967
5.0911	67.076	0.26808	66.211	0.28499	5.0911	39.381	0.39954
5.1447	67.052	0.26862	66.191	0.28553	5.1447	39.353	0.39967
5.1983	67.087	0.26869	66.228	0.2856	5.1983	39.358	0.3996
5.2519	67.103	0.26866	66.245	0.28559	5.2519	39.379	0.39993
5.3055	67.114	0.26892	66.257	0.28583	5.3055	39.384	0.39962
5.3591	67.118	0.26935	66.263	0.28625	5.3591	39.368	0.3988
5.4126	67.192	0.26863	66.337	0.28551	5.4126	39.425	0.39929
5.4662	67.242	0.26873	66.39	0.28559	5.4662	39.422	0.39907
5.5198	67.298	0.26856	66.446	0.28539	5.5198	39.453	0.39809
5.5734	67.356	0.26837	66.505	0.28517	5.5734	39.458	0.398
5.627	67.336	0.268	66.486	0.2848	5.627	39.453	0.39813
5.6806	67.41	0.26765	66.559	0.28442	5.6806	39.504	0.39738
5.7342	67.374	0.26803	66.526	0.28482	5.7342	39.518	0.39778
5.7878	67.413	0.26803	66.565	0.2848	5.7878	39.549	0.39702
5.8414	67.482	0.26831	66.635	0.28504	5.8414	39.55	0.3964
5.895	67.507	0.26749	66.661	0.28419	5.895	39.563	0.39657
5.9486	67.584	0.26727	66.737	0.28394	5.9486	39.596	0.3957
6.0021	67.559	0.26688	66.712	0.28356	6.0021	39.632	0.39586
6.0557	67.537	0.26694	66.694	0.28362	6.0557	39.634	0.39635
6.1093	67.642	0.26666	66.798	0.28331	6.1093	39.647	0.39633
6.1629	67.693	0.26678	66.849	0.28341	6.1629	39.676	0.39576
6.2165	67.713	0.26547	66.87	0.28208	6.2165	39.715	0.39666
6.2701	67.759	0.26632	66.918	0.28293	6.2701	39.706	0.39668
6.3237	67.822	0.26558	66.981	0.28217	6.3237	39.782	0.39647
6.3773	67.92	0.26498	67.078	0.28153	6.3773	39.82	0.39666
6.4309	67.902	0.26508	67.061	0.28162	6.4309	39.801	0.39642
6.4845	67.897	0.26471	67.056	0.28123	6.4845	39.765	0.39696
6.538	68.026	0.26427	67.183	0.28076	6.538	39.807	0.39611
6.5916	67.989	0.26408	67.146	0.28059	6.5916	39.831	0.39634
6.6452	67.865	0.26482	67.024	0.28138	6.6452	39.779	0.39706
6.6988	67.943	0.26455	67.102	0.28107	6.6988	39.797	0.3965
6.7524	67.97	0.26392	67.129	0.28044	6.7524	39.802	0.39713
6.806	67.988	0.26412	67.147	0.28063	6.806	39.783	0.39693
6.8596	67.953	0.26416	67.113	0.28069	6.8596	39.771	0.39748
6.9132	67.969	0.26466	67.129	0.28119	6.9132	39.77	0.39686
6.9668	67.954	0.26416	67.114	0.2807	6.9668	39.78	0.3977
7.0204	68.003	0.26432	67.164	0.28083	7.0204	39.772	0.39726
7.074	68.007	0.264	67.167	0.2805	7.074	39.763	0.39746
7.1275	68.035	0.26337	67.194	0.27986	7.1275	39.779	0.39789
7.1811	68.024	0.26359	67.183	0.28009	7.1811	39.766	0.39778
7.2347	68.053	0.26364	67.212	0.28014	7.2347	39.794	0.39741
7.2883	68.036	0.2634	67.195	0.27989	7.2883	39.8	0.39726
7.3419	68.064	0.26327	67.222	0.27974	7.3419	39.794	0.39698
7.3955	68.027	0.26264	67.185	0.27911	7.3955	39.786	0.39773
7.4491	68.046	0.26277	67.203	0.27925	7.4491	39.805	0.39771
7.5027	68.003	0.26247	67.16	0.27898	7.5027	39.813	0.39881
7.5563	67.972	0.26335	67.129	0.27988	7.5563	39.755	0.39881
7.6099	67.977	0.26328	67.134	0.2798	7.6099	39.717	0.3986
7.6635	68.049	0.26262	67.202	0.27912	7.6635	39.742	0.39859
7.717	67.978	0.26259	67.131	0.27912	7.717	39.706	0.39923
7.7706	67.963	0.26282	67.115	0.27936	7.7706	39.672	0.39902
7.8242	67.917	0.26277	67.069	0.27934	7.8242	39.647	0.4001
7.8778	67.935	0.2631	67.085	0.27966	7.8778	39.653	0.39944
7.9314	67.908	0.26295	67.057	0.2795	7.9314	39.631	0.39916
7.985	67.913	0.26332	67.062	0.27987	7.985	39.592	0.39901
8.0386	67.916	0.26238	67.062	0.27893	8.0386	39.628	0.39948
8.0922	67.931	0.26238	67.075	0.27891	8.0922	39.622	0.39915
8.1458	67.891	0.26235	67.035	0.27891	8.1458	39.585	0.39957
8.1994	67.819	0.26314	66.962	0.27973	8.1994	39.564	0.39899
8.2529	67.802	0.26353	66.944	0.28012	8.2529	39.564	0.3982
8.3065	67.702	0.2635	66.844	0.28013	8.3065	39.521	0.39903
8.3601	67.633	0.2639	66.774	0.28056	8.3601	39.485	0.3996
8.4137	67.728	0.26461	66.867	0.28125	8.4137	39.473	0.39852
8.4673	67.713	0.26445	66.851	0.28109	8.4673	39.466	0.39857
8.5209	67.687	0.26385	66.824	0.28049	8.5209	39.481	0.3987
8.5745	67.653	0.26405	66.788	0.28071	8.5745	39.468	0.39929
8.6281	67.604	0.26453	66.741	0.28122	8.6281	39.419	0.39944
8.6817	67.622	0.26448	66.757	0.28118	8.6817	39.416	0.40031
8.7353	67.643	0.2652	66.776	0.2819	8.7353	39.423	0.39916
8.7889	67.596	0.26484	66.727	0.28154	8.7889	39.419	0.39896
8.8424	67.559	0.26494	66.69	0.28163	8.8424	39.379	0.39866
8.896	67.52	0.26422	66.649	0.28092	8.896	39.361	0.39947
8.9496	67.578	0.26405	66.704	0.28075	8.9496	39.399	0.39902
9.0032	67.54	0.26375	66.666	0.28046	9.0032	39.372	0.39999
9.0568	67.503	0.26437	66.628	0.28111	9.0568	39.337	0.40047
9.1104	67.517	0.26459	66.64	0.28133	9.1104	39.323	0.40011
9.164	67.486	0.26472	66.606	0.28146	9.164	39.32	0.39927
9.2176	67.296	0.26437	66.417	0.28114	9.2176	39.225	0.40048
9.2712	67.335	0.26484	66.456	0.28162	9.2712	39.241	0.40036
9.3248	67.349	0.26487	66.468	0.28164	9.3248	39.228	0.39992
9.3783	67.29	0.26478	66.406	0.28158	9.3783	39.214	0.40041
9.4319	67.241	0.26535	66.358	0.28217	9.4319	39.203	0.40057
9.4855	67.179	0.2652	66.296	0.28203	9.4855	39.176	0.40095
9.5391	67.15	0.265	66.266	0.28184	9.5391	39.194	0.40103
9.5927	67.064	0.26589	66.18	0.28277	9.5927	39.127	0.40121
9.6463	66.958	0.26653	66.073	0.28344	9.6463	39.096	0.40119
9.6999	66.913	0.26646	66.028	0.28338	9.6999	39.055	0.40187
9.7535	66.932	0.26592	66.046	0.28286	9.7535	39.068	0.40337
9.8071	66.971	0.26642	66.082	0.28337	9.8071	39.078	0.40232
9.8607	66.868	0.26659	65.979	0.28356	9.8607	39.022	0.40231
9.9143	66.834	0.26696	65.946	0.28395	9.9143	39.011	0.40238
9.9678	66.81	0.26718	65.921	0.28416	9.9678	38.957	0.40242
10.021	66.833	0.26626	65.941	0.28325	10.021	38.999	0.40316
10.075	66.777	0.26699	65.885	0.28399	10.075	38.954	0.40229
10.129	66.815	0.26684	65.92	0.28381	10.129	38.945	0.4008
10.182	66.742	0.2666	65.846	0.28358	10.182	38.923	0.40188
10.236	66.676	0.26742	65.782	0.28443	10.236	38.925	0.40231
10.289	66.6	0.26758	65.705	0.28462	10.289	38.881	0.40333
10.343	66.667	0.2663	65.769	0.28331	10.343	38.964	0.4037
10.397	66.62	0.267	65.723	0.28404	10.397	38.945	0.40308
10.45	66.602	0.26745	65.703	0.28448	10.45	38.932	0.40232
10.504	66.582	0.26667	65.681	0.28371	10.504	38.933	0.40335
10.557	66.538	0.26607	65.637	0.28312	10.557	38.935	0.40456
10.611	66.562	0.26619	65.658	0.28322	10.611	38.944	0.40354
10.665	66.472	0.26534	65.568	0.28239	10.665	38.935	0.40504
10.718	66.492	0.26517	65.585	0.28222	10.718	38.939	0.40543
10.772	66.508	0.26497	65.6	0.28203	10.772	38.97	0.40633
10.825	66.475	0.26504	65.565	0.28211	10.825	38.977	0.40614
10.879	66.451	0.26613	65.541	0.28322	10.879	38.919	0.40517
10.932	66.448	0.26618	65.536	0.28325	10.932	38.922	0.40433
10.986	66.367	0.26623	65.453	0.28332	10.986	38.879	0.40447
11.04	66.314	0.26618	65.401	0.2833	11.04	38.848	0.40558
11.093	66.298	0.26629	65.384	0.28345	11.093	38.841	0.40636
11.147	66.321	0.26728	65.406	0.28443	11.147	38.806	0.40528
11.2	66.287	0.26686	65.37	0.28405	11.2	38.799	0.40684
11.254	66.197	0.26733	65.281	0.28453	11.254	38.741	0.40711
11.308	66.204	0.26725	65.284	0.28449	11.308	38.725	0.40746
11.361	66.175	0.26796	65.255	0.28523	11.361	38.706	0.40779
11.415	66.156	0.26806	65.234	0.28532	11.415	38.688	0.40789
11.468	66.099	0.26802	65.176	0.2853	11.468	38.656	0.40769
11.522	66.05	0.26861	65.124	0.28594	11.522	38.629	0.40851
11.576	66.063	0.26871	65.136	0.28603	11.576	38.654	0.4081
11.629	65.951	0.26877	65.022	0.28613	11.629	38.594	0.40888
11.683	65.868	0.26931	64.939	0.28671	11.683	38.554	0.40985
11.736	65.852	0.26986	64.921	0.28728	11.736	38.529	0.40961
11.79	65.831	0.26967	64.898	0.28709	11.79	38.508	0.4094
11.844	65.761	0.26994	64.827	0.28739	11.844	38.459	0.4101
11.897	65.643	0.27055	64.71	0.28805	11.897	38.387	0.41096
11.951	65.68	0.27027	64.745	0.28776	11.951	38.403	0.41045
12.004	65.625	0.27025	64.687	0.28778	12.004	38.388	0.41172
12.058	65.533	0.27148	64.597	0.28904	12.058	38.336	0.41124
12.111	65.452	0.27155	64.515	0.28914	12.111	38.292	0.41213
12.165	65.412	0.27159	64.473	0.28919	12.165	38.309	0.41225
12.219	65.353	0.27157	64.413	0.28921	12.219	38.251	0.4137
12.272	65.317	0.27281	64.378	0.29048	12.272	38.259	0.41284
12.326	65.327	0.27286	64.386	0.29055	12.326	38.235	0.41349
12.379	65.275	0.27278	64.333	0.29047	12.379	38.233	0.41335
12.433	65.214	0.2728	64.27	0.29051	12.433	38.211	0.41372
12.487	65.193	0.27272	64.248	0.29044	12.487	38.214	0.41349
12.54	65.121	0.27334	64.177	0.29108	12.54	38.166	0.41326
12.594	65.038	0.27362	64.094	0.29139	12.594	38.119	0.4141
12.647	65.021	0.27389	64.076	0.29167	12.647	38.111	0.41432
12.701	64.918	0.2738	63.972	0.2916	12.701	38.097	0.41468
12.755	64.853	0.27307	63.905	0.29089	12.755	38.095	0.41644
12.808	64.881	0.27321	63.932	0.29102	12.808	38.152	0.41614
12.862	64.773	0.27323	63.824	0.29109	12.862	38.089	0.41688
12.915	64.801	0.27436	63.85	0.29223	12.915	38.081	0.4152
12.969	64.678	0.27489	63.727	0.29281	12.969	38.019	0.41653
13.023	64.63	0.27536	63.679	0.29328	13.023	37.983	0.41613
13.076	64.577	0.27478	63.624	0.29273	13.076	37.968	0.41707
13.13	64.528	0.27584	63.575	0.29384	13.13	37.922	0.41733
13.183	64.51	0.27606	63.556	0.29408	13.183	37.901	0.41814
13.237	64.442	0.27653	63.487	0.29459	13.237	37.905	0.41827
13.29	64.342	0.27804	63.39	0.29616	13.29	37.854	0.41889
13.344	64.353	0.27957	63.402	0.29771	13.344	37.78	0.41788
13.398	64.404	0.2792	63.448	0.29734	13.398	37.767	0.41781
13.451	64.309	0.2785	63.351	0.29666	13.451	37.773	0.41877
13.505	64.232	0.27808	63.272	0.29627	13.505	37.782	0.42074
13.558	64.177	0.27795	63.215	0.29616	13.558	37.733	0.42234
13.612	64.058	0.27759	63.094	0.29584	13.612	37.706	0.42388
13.666	64.054	0.2795	63.088	0.29777	13.666	37.651	0.42155
13.719	63.922	0.27981	62.956	0.29811	13.719	37.581	0.42197
13.773	63.878	0.27942	62.91	0.29775	13.773	37.572	0.42353
13.826	63.814	0.27914	62.845	0.2975	13.826	37.553	0.42594
13.88	63.746	0.27926	62.775	0.29765	13.88	37.531	0.42705
13.934	63.686	0.27887	62.713	0.2973	13.934	37.563	0.42796
13.987	63.619	0.28049	62.65	0.29899	13.987	37.47	0.4287
14.041	63.623	0.28134	62.652	0.29988	14.041	37.467	0.42849
14.094	63.572	0.28115	62.6	0.29968	14.094	37.453	0.42818
14.148	63.557	0.28055	62.581	0.2991	14.148	37.462	0.42852
14.202	63.386	0.28193	62.411	0.30055	14.202	37.327	0.42919
14.255	63.382	0.28201	62.404	0.30065	14.255	37.368	0.42917
14.309	63.268	0.28167	62.288	0.30036	14.309	37.387	0.43076
14.362	63.256	0.28225	62.276	0.30097	14.362	37.351	0.43114
14.416	63.206	0.28343	62.225	0.30217	14.416	37.296	0.43006
14.469	63.121	0.28372	62.139	0.3025	14.469	37.302	0.4307
14.523	63.052	0.28354	62.069	0.30234	14.523	37.31	0.43154
14.577	63.023	0.28394	62.039	0.30277	14.577	37.303	0.43071
14.63	62.94	0.2844	61.955	0.30324	14.63	37.254	0.43052
14.684	62.873	0.28432	61.886	0.30319	14.684	37.26	0.43082
14.737	62.777	0.28411	61.789	0.30301	14.737	37.203	0.43187
14.791	62.753	0.28502	61.765	0.30396	14.791	37.157	0.43161
14.845	62.741	0.28546	61.75	0.30444	14.845	37.165	0.43222
14.898	62.665	0.28549	61.672	0.30449	14.898	37.151	0.43293
14.952	62.529	0.28544	61.537	0.30451	14.952	37.128	0.4349
15.005	62.56	0.28689	61.566	0.30598	15.005	37.104	0.43318
15.059	62.519	0.287	61.524	0.30611	15.059	37.106	0.43401
15.113	62.449	0.28633	61.452	0.30542	15.113	37.099	0.43543
15.166	62.373	0.28621	61.372	0.3053	15.166	37.057	0.43463
15.22	62.272	0.2861	61.27	0.30525	15.22	37.029	0.43616
15.273	62.21	0.28619	61.207	0.30537	15.273	37.019	0.43718
15.327	62.199	0.28646	61.195	0.30568	15.327	37.03	0.43769
15.38	62.157	0.28766	61.152	0.30691	15.38	36.992	0.43637
15.434	62.117	0.2885	61.112	0.30778	15.434	36.982	0.43598
15.488	62.04	0.28782	61.033	0.30714	15.488	36.985	0.43728
15.541	61.992	0.28889	60.986	0.30826	15.541	36.922	0.43722
15.595	61.991	0.29	60.985	0.3094	15.595	36.887	0.43681
15.648	61.899	0.28968	60.893	0.30909	15.648	36.869	0.43765
15.702	61.912	0.29087	60.906	0.31027	15.702	36.81	0.43614
15.756	61.761	0.29117	60.755	0.31062	15.756	36.745	0.43674
15.809	61.691	0.29049	60.683	0.30993	15.809	36.74	0.43727
15.863	61.642	0.28977	60.631	0.30924	15.863	36.756	0.43909
15.916	61.601	0.2916	60.59	0.31113	15.916	36.663	0.43885
15.97	61.516	0.29237	60.504	0.31194	15.97	36.622	0.4387
16.024	61.391	0.29253	60.378	0.31217	16.024	36.614	0.4411
16.077	61.302	0.29314	60.288	0.31283	16.077	36.592	0.44194
16.131	61.278	0.29427	60.265	0.314	16.131	36.512	0.44155
16.184	61.216	0.29475	60.2	0.3145	16.184	36.474	0.4421
16.238	61.092	0.29431	60.075	0.31408	16.238	36.427	0.44423
16.292	60.966	0.29334	59.946	0.31318	16.292	36.447	0.44665
16.345	60.907	0.29493	59.887	0.31484	16.345	36.384	0.44653
16.399	60.844	0.29602	59.824	0.31596	16.399	36.364	0.44638
16.452	60.765	0.29598	59.744	0.31595	16.452	36.345	0.44779
16.506	60.692	0.29609	59.669	0.31609	16.506	36.327	0.44868
16.559	60.643	0.29637	59.618	0.3164	16.559	36.32	0.44832
16.613	60.489	0.29755	59.466	0.31765	16.613	36.23	0.44906
16.667	60.487	0.29763	59.462	0.31773	16.667	36.229	0.44924
16.72	60.464	0.29686	59.436	0.31698	16.72	36.272	0.45096
16.774	60.332	0.29733	59.304	0.3175	16.774	36.203	0.45136
16.827	60.294	0.29864	59.265	0.31887	16.827	36.145	0.45071
16.881	60.215	0.29916	59.186	0.31944	16.881	36.082	0.45231
16.935	60.046	0.29903	59.018	0.31939	16.935	36.047	0.45484
16.988	60.112	0.29907	59.079	0.31944	16.988	36.106	0.45517
17.042	60.044	0.30054	59.011	0.32095	17.042	36.05	0.45445
17.095	59.955	0.30105	58.923	0.32151	17.095	35.978	0.45533
17.149	59.91	0.30136	58.876	0.32185	17.149	35.937	0.456
17.203	59.897	0.3001	58.86	0.3206	17.203	35.938	0.4578
17.256	59.816	0.30121	58.78	0.32173	17.256	35.826	0.45716
17.31	59.766	0.30143	58.729	0.322	17.31	35.805	0.45824
17.363	59.713	0.30142	58.675	0.32202	17.363	35.791	0.45878
17.417	59.664	0.30134	58.623	0.32195	17.417	35.813	0.4586
17.471	59.585	0.30089	58.543	0.32155	17.471	35.807	0.46033
17.524	59.499	0.30281	58.458	0.32353	17.524	35.729	0.45961
17.578	59.427	0.3034	58.386	0.32415	17.578	35.668	0.46009
17.631	59.404	0.30327	58.361	0.32406	17.631	35.69	0.46108
17.685	59.3	0.30299	58.256	0.32379	17.685	35.675	0.46196
17.738	59.229	0.3023	58.183	0.32315	17.738	35.665	0.46406
17.792	59.228	0.30351	58.182	0.32441	17.792	35.664	0.46334
17.846	59.146	0.30538	58.103	0.32632	17.846	35.552	0.46261
17.899	59.083	0.30485	58.037	0.3258	17.899	35.547	0.46217
17.953	58.962	0.30378	57.916	0.32477	17.953	35.545	0.46498
18.006	58.899	0.3044	57.853	0.32543	18.006	35.463	0.46581
18.06	58.943	0.30515	57.897	0.3262	18.06	35.465	0.46444
18.114	58.937	0.30569	57.891	0.32675	18.114	35.456	0.46382
18.167	58.876	0.30481	57.829	0.32588	18.167	35.468	0.46577
18.221	58.913	0.30498	57.867	0.32605	18.221	35.449	0.465
18.274	58.949	0.30588	57.904	0.32697	18.274	35.445	0.4646
18.328	58.951	0.30638	57.907	0.32746	18.328	35.404	0.46448
18.382	58.903	0.30634	57.861	0.32744	18.382	35.393	0.46517
18.435	58.955	0.30589	57.91	0.327	18.435	35.423	0.46544
18.489	58.865	0.30578	57.822	0.32694	18.489	35.398	0.46697
18.542	58.869	0.30635	57.827	0.32753	18.542	35.397	0.46686
18.596	58.957	0.30736	57.915	0.32852	18.596	35.41	0.46547
18.65	58.906	0.30715	57.865	0.32832	18.65	35.386	0.46588
18.703	58.862	0.30716	57.82	0.32833	18.703	35.392	0.46614
18.757	58.917	0.30657	57.874	0.32774	18.757	35.405	0.46642
18.81	58.876	0.30773	57.836	0.32892	18.81	35.373	0.46614
18.864	58.906	0.30783	57.864	0.32901	18.864	35.382	0.46587
18.917	58.891	0.3069	57.849	0.3281	18.917	35.406	0.46731
18.971	58.875	0.30736	57.834	0.32857	18.971	35.407	0.46701
19.025	58.877	0.30675	57.834	0.32794	19.025	35.431	0.46668
19.078	58.907	0.30755	57.865	0.32878	19.078	35.444	0.46669
19.132	58.849	0.30861	57.809	0.32987	19.132	35.454	0.46637
19.185	58.832	0.30871	57.794	0.33	19.185	35.414	0.46756
19.239	58.851	0.30888	57.813	0.33024	19.239	35.421	0.46862
19.293	58.804	0.3099	57.772	0.3314	19.293	35.45	0.46984
19.346	58.88	0.31406	57.857	0.33575	19.346	35.403	0.46918
