Time	Fascicle Length R1_F1	Pennation Angle R1_F1	
0.055261	60.449	0.24073
0.11052	60.494	0.23802
0.16578	60.542	0.23899
0.22104	60.591	0.23875
0.2763	60.558	0.23947
0.33156	60.683	0.23716
0.38683	60.659	0.23672
0.44209	60.794	0.23571
0.49735	60.757	0.23619
0.55261	60.844	0.23528
0.60787	60.789	0.23575
0.66313	60.85	0.23595
0.71839	60.923	0.23504
0.77365	60.934	0.23412
0.82891	60.859	0.23557
0.88417	60.863	0.23609
0.93943	60.877	0.23653
0.99469	60.921	0.23568
1.05	60.933	0.23415
1.1052	60.954	0.23429
1.1605	61.069	0.23445
1.2157	60.996	0.23476
1.271	60.91	0.23399
1.3263	60.933	0.23351
1.3815	60.963	0.23379
1.4368	60.988	0.23407
1.492	61.008	0.23321
1.5473	61.019	0.23273
1.6026	61.134	0.2314
1.6578	61.196	0.23137
1.7131	61.209	0.23171
1.7683	61.292	0.23208
1.8236	61.419	0.23134
1.8789	61.404	0.23153
1.9341	61.405	0.23137
1.9894	61.498	0.23235
2.0447	61.46	0.23137
2.0999	61.511	0.23081
2.1552	61.462	0.23071
2.2104	61.529	0.23023
2.2657	61.631	0.23005
2.321	61.708	0.22899
2.3762	61.734	0.2293
2.4315	61.704	0.22948
2.4867	61.747	0.22957
2.542	61.732	0.22927
2.5973	61.8	0.22844
2.6525	61.864	0.22851
2.7078	61.915	0.22782
2.763	62.125	0.22641
2.8183	62.15	0.22645
2.8736	62.1	0.2267
2.9288	62.184	0.22573
2.9841	62.362	0.22434
3.0393	62.387	0.22364
3.0946	62.453	0.22346
3.1499	62.539	0.22308
3.2051	62.638	0.22319
3.2604	62.664	0.22201
3.3156	62.772	0.22133
3.3709	62.685	0.22153
3.4262	62.7	0.22052
3.4814	62.708	0.21999
3.5367	62.69	0.22
3.592	62.712	0.22019
3.6472	62.738	0.21969
3.7025	62.725	0.21943
3.7577	62.828	0.21887
3.813	62.837	0.21913
3.8683	62.863	0.21866
3.9235	62.899	0.21894
3.9788	63.014	0.21887
4.034	63.048	0.21793
4.0893	63.065	0.21829
4.1446	63.118	0.21791
4.1998	63.008	0.21794
4.2551	63.042	0.21753
4.3103	63.114	0.21803
4.3656	63.161	0.21768
4.4209	63.193	0.21676
4.4761	63.164	0.21737
4.5314	63.157	0.21726
4.5866	63.235	0.21668
4.6419	63.212	0.21604
4.6972	63.211	0.21605
4.7524	63.261	0.21629
4.8077	63.423	0.21618
4.863	63.409	0.21638
4.9182	63.442	0.2162
4.9735	63.434	0.21593
5.0287	63.503	0.21542
5.084	63.533	0.21533
5.1393	63.582	0.21586
5.1945	63.581	0.21588
5.2498	63.611	0.21603
5.305	63.634	0.21559
5.3603	63.663	0.21548
5.4156	63.708	0.21515
5.4708	63.703	0.21491
5.5261	63.757	0.21442
5.5813	63.774	0.21458
5.6366	63.802	0.21454
5.6919	63.869	0.21433
5.7471	63.925	0.21406
5.8024	63.932	0.21354
5.8576	63.954	0.21332
5.9129	63.978	0.21308
5.9682	64.075	0.21268
6.0234	64.088	0.21308
6.0787	64.11	0.21302
6.134	64.173	0.21211
6.1892	64.139	0.21201
6.2445	64.186	0.21191
6.2997	64.228	0.21216
6.355	64.238	0.21285
6.4103	64.301	0.21257
6.4655	64.264	0.21308
6.5208	64.362	0.21238
6.576	64.359	0.21222
6.6313	64.385	0.2123
6.6866	64.412	0.21294
6.7418	64.471	0.21265
6.7971	64.416	0.21303
6.8523	64.495	0.21342
6.9076	64.512	0.21374
6.9629	64.501	0.214
7.0181	64.528	0.21315
7.0734	64.529	0.2136
7.1286	64.564	0.2139
7.1839	64.524	0.21373
7.2392	64.586	0.21402
7.2944	64.584	0.21411
7.3497	64.609	0.21376
7.405	64.589	0.21371
7.4602	64.64	0.21328
7.5155	64.632	0.2129
7.5707	64.701	0.21304
7.626	64.705	0.2138
7.6813	64.701	0.21381
7.7365	64.7	0.21386
7.7918	64.686	0.21385
7.847	64.694	0.21406
7.9023	64.73	0.21453
7.9576	64.767	0.21467
8.0128	64.785	0.21449
8.0681	64.724	0.21459
8.1233	64.753	0.21444
8.1786	64.791	0.21504
8.2339	64.801	0.21601
8.2891	64.815	0.21578
8.3444	64.886	0.21546
8.3996	64.887	0.21527
8.4549	64.85	0.21448
8.5102	64.869	0.21517
8.5654	64.874	0.21598
8.6207	64.876	0.21574
8.676	64.815	0.21606
8.7312	64.879	0.2167
8.7865	64.953	0.21625
8.8417	64.959	0.21564
8.897	64.974	0.21566
8.9523	65.003	0.21566
9.0075	65.043	0.21589
9.0628	65.035	0.21555
9.118	64.984	0.21494
9.1733	65.007	0.21497
9.2286	65.053	0.21461
9.2838	65.032	0.21434
9.3391	65.051	0.21439
9.3943	65.081	0.21533
9.4496	65.093	0.21473
9.5049	65.048	0.21453
9.5601	65.034	0.21482
9.6154	65.104	0.21426
9.6706	65.11	0.2146
9.7259	65.12	0.21509
9.7812	65.138	0.2151
9.8364	65.139	0.21466
9.8917	65.129	0.21495
9.9469	65.117	0.2151
10.002	65.14	0.21534
10.057	65.138	0.21458
10.113	65.128	0.2149
10.168	65.107	0.21486
10.223	65.104	0.21465
10.279	65.09	0.21441
10.334	65.092	0.21482
10.389	65.122	0.21501
10.444	65.061	0.21489
10.5	65.105	0.21487
10.555	65.098	0.21495
10.61	65.069	0.21485
10.665	65.071	0.21522
10.721	65.053	0.21525
10.776	65.044	0.21488
10.831	65.048	0.21497
10.886	65.071	0.2155
10.942	65.05	0.2157
10.997	65.068	0.21535
11.052	65.014	0.21487
11.107	65.051	0.21449
11.163	64.975	0.21452
11.218	65.005	0.21471
11.273	64.964	0.21494
11.328	64.954	0.21519
11.384	64.949	0.21541
11.439	64.931	0.21536
11.494	64.899	0.21511
11.55	64.904	0.21482
11.605	64.835	0.21429
11.66	64.871	0.2141
11.715	64.821	0.21376
11.771	64.784	0.21435
11.826	64.776	0.21443
11.881	64.739	0.21476
11.936	64.751	0.21465
11.992	64.705	0.21416
12.047	64.705	0.2138
12.102	64.709	0.21366
12.157	64.652	0.21379
12.213	64.646	0.21404
12.268	64.608	0.214
12.323	64.611	0.21335
12.378	64.57	0.21393
12.434	64.549	0.21436
12.489	64.527	0.21498
12.544	64.583	0.21496
12.599	64.496	0.21571
12.655	64.477	0.21555
12.71	64.446	0.21614
12.765	64.41	0.2162
12.821	64.405	0.21548
12.876	64.408	0.21544
12.931	64.397	0.21543
12.986	64.324	0.21479
13.042	64.247	0.21506
13.097	64.32	0.21555
13.152	64.243	0.21569
13.207	64.186	0.2153
13.263	64.185	0.2153
13.318	64.167	0.21535
13.373	64.13	0.21583
13.428	64.138	0.21563
13.484	64.054	0.21519
13.539	63.986	0.2152
13.594	63.978	0.21594
13.649	64.012	0.21607
13.705	63.955	0.21647
13.76	63.919	0.21686
13.815	63.882	0.21749
13.87	63.903	0.21716
13.926	63.849	0.21723
13.981	63.824	0.21734
14.036	63.775	0.21763
14.092	63.782	0.21738
14.147	63.813	0.21805
14.202	63.754	0.21844
14.257	63.74	0.21902
14.313	63.663	0.21935
14.368	63.629	0.21999
14.423	63.578	0.22009
14.478	63.537	0.21987
14.534	63.554	0.21983
14.589	63.477	0.21979
14.644	63.427	0.21994
14.699	63.476	0.22024
14.755	63.455	0.21965
14.81	63.392	0.2184
14.865	63.325	0.21941
14.92	63.282	0.21948
14.976	63.29	0.22061
15.031	63.237	0.2211
15.086	63.196	0.22015
15.141	63.135	0.22106
15.197	63.124	0.22005
15.252	63.019	0.22026
15.307	63.015	0.21887
15.363	62.9	0.21949
15.418	62.943	0.22131
15.473	62.897	0.2212
15.528	62.844	0.22063
15.584	62.799	0.22061
15.639	62.72	0.22074
15.694	62.743	0.22225
15.749	62.792	0.22295
15.805	62.801	0.22291
15.86	62.7	0.22269
15.915	62.751	0.22278
15.97	62.702	0.22358
16.026	62.754	0.22318
16.081	62.692	0.22315
16.136	62.644	0.22328
16.191	62.562	0.22303
16.247	62.557	0.22365
16.302	62.562	0.22429
16.357	62.552	0.2242
16.412	62.533	0.22482
16.468	62.522	0.22562
16.523	62.525	0.2256
16.578	62.466	0.22532
16.634	62.428	0.22546
16.689	62.359	0.22659
16.744	62.269	0.22747
16.799	62.318	0.22828
16.855	62.288	0.22891
16.91	62.383	0.22849
16.965	62.377	0.22913
17.02	62.287	0.22788
17.076	62.28	0.22836
17.131	62.194	0.22935
17.186	62.202	0.22903
17.241	62.203	0.22873
17.297	62.167	0.22929
17.352	62.121	0.23063
17.407	62.068	0.23082
17.462	62.046	0.23124
17.518	62.084	0.23145
17.573	61.931	0.2326
17.628	61.939	0.23299
17.683	61.9	0.23308
17.739	61.971	0.23176
17.794	61.896	0.23208
17.849	61.886	0.23164
17.905	61.81	0.23214
17.96	61.835	0.23365
18.015	61.719	0.23345
18.07	61.688	0.23362
18.126	61.65	0.23276
18.181	61.597	0.23329
18.236	61.594	0.2338
18.291	61.519	0.23398
18.347	61.435	0.23359
18.402	61.489	0.23355
18.457	61.367	0.23432
18.512	61.414	0.23422
18.568	61.392	0.235
18.623	61.265	0.23496
18.678	61.286	0.23493
18.733	61.337	0.23493
18.789	61.232	0.23538
18.844	61.197	0.2367
18.899	61.275	0.23674
18.954	61.185	0.23659
19.01	61.151	0.23632
19.065	61.08	0.23731
19.12	61.13	0.23797
19.176	61.029	0.23825
19.231	61.033	0.23874
19.286	60.986	0.23905
19.341	60.986	0.23937
19.397	60.942	0.24008
19.452	60.995	0.24005
19.507	60.861	0.24084
19.562	60.855	0.24028
19.618	60.841	0.24026
19.673	60.78	0.24032
19.728	60.827	0.24019
19.783	60.695	0.24105
19.839	60.695	0.24077
19.894	60.616	0.24069
19.949	60.638	0.24188
20.004	60.592	0.24202
20.06	60.476	0.24172
20.115	60.456	0.24234
20.17	60.445	0.24244
20.225	60.387	0.2431
20.281	60.377	0.24263
20.336	60.338	0.24246
20.391	60.3	0.24314
20.447	60.247	0.24281
20.502	60.216	0.24279
20.557	60.161	0.2429
20.612	60.17	0.24143
20.668	60.125	0.24233
20.723	60.092	0.24174
20.778	60.05	0.242
20.833	60.043	0.24203
20.889	59.99	0.24392
20.944	59.992	0.24285
20.999	59.878	0.24198
21.054	59.849	0.24133
21.11	59.878	0.24235
21.165	59.943	0.24325
21.22	59.75	0.24215
21.275	59.705	0.2432
21.331	59.669	0.24273
21.386	59.652	0.24222
21.441	59.54	0.24119
21.496	59.497	0.24149
21.552	59.443	0.24042
21.607	59.48	0.24107
21.662	59.436	0.24122
21.718	59.388	0.24167
21.773	59.378	0.24073
21.828	59.334	0.24104
21.883	59.284	0.24131
21.939	59.228	0.24084
21.994	59.198	0.24154
