Time	Fascicle Length R1_F1	Pennation Angle R1_F1	Fascicle Length R1_F2	Pennation Angle R1_F2	
0.051935	47.774	0.31389	45.362	0.31348
0.10387	47.859	0.31358	45.442	0.31317
0.1558	47.916	0.31341	45.496	0.31299
0.20774	47.937	0.31315	45.516	0.31274
0.25967	48.016	0.31278	45.591	0.31236
0.31161	48.053	0.31279	45.626	0.31237
0.36354	48.099	0.31264	45.669	0.31223
0.41548	48.167	0.31235	45.734	0.31193
0.46741	48.198	0.31234	45.763	0.31193
0.51935	48.234	0.3119	45.798	0.31149
0.57128	48.284	0.31134	45.845	0.31093
0.62321	48.322	0.31112	45.881	0.31071
0.67515	48.363	0.31073	45.92	0.31032
0.72708	48.427	0.31037	45.981	0.30996
0.77902	48.48	0.3097	46.031	0.30929
0.83095	48.509	0.30964	46.059	0.30923
0.88289	48.565	0.30979	46.112	0.30939
0.93482	48.625	0.30935	46.168	0.30895
0.98676	48.682	0.309	46.223	0.30859
1.0387	48.73	0.30893	46.268	0.30852
1.0906	48.766	0.3088	46.302	0.30839
1.1426	48.826	0.30842	46.359	0.30802
1.1945	48.881	0.30861	46.411	0.3082
1.2464	48.936	0.30832	46.464	0.30791
1.2984	49.024	0.30808	46.547	0.30768
1.3503	49.069	0.30788	46.59	0.30748
1.4022	49.116	0.30773	46.634	0.30733
1.4542	49.172	0.30745	46.688	0.30704
1.5061	49.22	0.30712	46.733	0.30672
1.558	49.248	0.3068	46.76	0.3064
1.61	49.275	0.30653	46.785	0.30613
1.6619	49.363	0.30618	46.868	0.30578
1.7138	49.382	0.3061	46.887	0.30571
1.7658	49.42	0.30614	46.923	0.30574
1.8177	49.495	0.30578	46.994	0.30539
1.8696	49.546	0.30529	47.042	0.3049
1.9216	49.565	0.30585	47.06	0.30545
1.9735	49.606	0.30546	47.1	0.30507
2.0254	49.635	0.30525	47.127	0.30486
2.0774	49.633	0.305	47.125	0.30461
2.1293	49.626	0.30461	47.118	0.30422
2.1813	49.637	0.30461	47.129	0.30422
2.2332	49.723	0.30426	47.21	0.30387
2.2851	49.749	0.3048	47.235	0.30441
2.3371	49.776	0.30501	47.261	0.30462
2.389	49.82	0.30467	47.302	0.30428
2.4409	49.863	0.30485	47.343	0.30446
2.4929	49.918	0.30454	47.396	0.30415
2.5448	49.899	0.30539	47.377	0.305
2.5967	49.986	0.30494	47.46	0.30455
2.6487	50.04	0.30519	47.511	0.3048
2.7006	50.042	0.30543	47.513	0.30504
2.7525	50.113	0.30565	47.581	0.30526
2.8045	50.114	0.30593	47.581	0.30554
2.8564	50.145	0.30665	47.61	0.30626
2.9083	50.205	0.30658	47.667	0.3062
2.9603	50.218	0.30683	47.68	0.30644
3.0122	50.273	0.30702	47.732	0.30663
3.0641	50.306	0.30735	47.763	0.30697
3.1161	50.356	0.30719	47.811	0.30681
3.168	50.407	0.30727	47.859	0.30689
3.2199	50.469	0.30758	47.918	0.30719
3.2719	50.542	0.30714	47.988	0.30676
3.3238	50.56	0.30752	48.004	0.30713
3.3757	50.602	0.30746	48.044	0.30707
3.4277	50.664	0.30658	48.103	0.30619
3.4796	50.697	0.30669	48.134	0.30631
3.5316	50.702	0.30679	48.138	0.30641
3.5835	50.756	0.30669	48.19	0.30631
3.6354	50.825	0.30663	48.256	0.30625
3.6874	50.886	0.30568	48.313	0.3053
3.7393	50.95	0.30556	48.374	0.30518
3.7912	50.973	0.30584	48.396	0.30546
3.8432	51.039	0.30546	48.459	0.30508
3.8951	51.079	0.3053	48.497	0.30492
3.947	51.143	0.30518	48.557	0.3048
3.999	51.211	0.30497	48.622	0.30459
4.0509	51.272	0.30461	48.679	0.30424
4.1028	51.366	0.30434	48.769	0.30396
4.1548	51.365	0.3042	48.767	0.30382
4.2067	51.411	0.30413	48.812	0.30375
4.2586	51.452	0.30367	48.85	0.3033
4.3106	51.56	0.30377	48.953	0.3034
4.3625	51.592	0.30425	48.984	0.30387
4.4144	51.665	0.30428	49.053	0.3039
4.4664	51.696	0.30434	49.082	0.30397
4.5183	51.72	0.30411	49.105	0.30374
4.5702	51.774	0.30399	49.156	0.30362
4.6222	51.857	0.30418	49.235	0.30381
4.6741	51.838	0.30414	49.216	0.30377
4.726	51.922	0.30395	49.296	0.30358
4.778	51.96	0.30404	49.332	0.30367
4.8299	51.989	0.3041	49.36	0.30373
4.8818	52.035	0.30396	49.403	0.30359
4.9338	52.144	0.30387	49.507	0.30351
4.9857	52.111	0.30371	49.475	0.30334
5.0377	52.16	0.30429	49.522	0.30392
5.0896	52.264	0.30343	49.621	0.30307
5.1415	52.229	0.3035	49.587	0.30313
5.1935	52.333	0.30255	49.687	0.30218
5.2454	52.326	0.3032	49.679	0.30283
5.2973	52.422	0.30293	49.771	0.30257
5.3493	52.401	0.30317	49.75	0.3028
5.4012	52.442	0.30361	49.79	0.30324
5.4531	52.484	0.30385	49.829	0.30349
5.5051	52.551	0.30354	49.893	0.30317
5.557	52.576	0.30332	49.917	0.30296
5.6089	52.603	0.30382	49.942	0.30345
5.6609	52.674	0.30388	50.01	0.30352
5.7128	52.729	0.30388	50.062	0.30351
5.7647	52.763	0.30438	50.094	0.30402
5.8167	52.833	0.30436	50.161	0.304
5.8686	52.908	0.30392	50.232	0.30356
5.9205	52.962	0.3038	50.283	0.30344
5.9725	53.014	0.30346	50.332	0.3031
6.0244	53.07	0.30316	50.385	0.3028
6.0763	53.116	0.30343	50.429	0.30307
6.1283	53.267	0.3024	50.572	0.30204
6.1802	53.249	0.30235	50.556	0.30199
6.2321	53.308	0.3024	50.611	0.30204
6.2841	53.356	0.30205	50.657	0.30169
6.336	53.401	0.30246	50.699	0.3021
6.388	53.468	0.30215	50.763	0.30179
6.4399	53.542	0.30194	50.833	0.30159
6.4918	53.6	0.3016	50.888	0.30125
6.5438	53.649	0.30154	50.935	0.30119
6.5957	53.682	0.30158	50.966	0.30122
6.6476	53.776	0.3013	51.055	0.30094
6.6996	53.849	0.3012	51.124	0.30084
6.7515	53.937	0.3008	51.208	0.30045
6.8034	54.003	0.30101	51.27	0.30066
6.8554	54.072	0.30044	51.336	0.30009
6.9073	54.166	0.30042	51.425	0.30007
6.9592	54.274	0.29968	51.527	0.29933
7.0112	54.381	0.29897	51.629	0.29862
7.0631	54.461	0.29876	51.705	0.29841
7.115	54.518	0.29811	51.759	0.29776
7.167	54.561	0.29815	51.8	0.2978
7.2189	54.623	0.29797	51.858	0.29762
7.2708	54.71	0.29791	51.941	0.29756
7.3228	54.703	0.29757	51.934	0.29722
7.3747	54.877	0.29657	52.1	0.29622
7.4266	54.881	0.29695	52.103	0.29661
7.4786	54.925	0.29691	52.145	0.29656
7.5305	55.028	0.29624	52.243	0.2959
7.5824	55.153	0.29603	52.361	0.29568
7.6344	55.146	0.29621	52.355	0.29587
7.6863	55.196	0.29605	52.402	0.29571
7.7382	55.194	0.29662	52.4	0.29628
7.7902	55.354	0.29527	52.552	0.29493
7.8421	55.498	0.29535	52.689	0.29501
7.8941	55.561	0.29498	52.748	0.29464
7.946	55.636	0.29474	52.82	0.2944
7.9979	55.716	0.29419	52.896	0.29385
8.0499	55.79	0.29375	52.966	0.29342
8.1018	55.86	0.2934	53.032	0.29306
8.1537	55.939	0.29295	53.108	0.29261
8.2057	55.95	0.29277	53.117	0.29243
8.2576	56.023	0.29283	53.187	0.2925
8.3095	56.069	0.29286	53.23	0.29252
8.3615	56.145	0.29264	53.303	0.29231
8.4134	56.255	0.29257	53.407	0.29223
8.4653	56.24	0.29246	53.392	0.29213
8.5173	56.229	0.29188	53.382	0.29154
8.5692	56.319	0.2915	53.467	0.29116
8.6211	56.37	0.29171	53.516	0.29137
8.6731	56.483	0.29048	53.623	0.29014
8.725	56.533	0.29076	53.67	0.29043
8.7769	56.584	0.29049	53.719	0.29016
8.8289	56.64	0.29036	53.772	0.29002
8.8808	56.703	0.2905	53.832	0.29017
8.9327	56.815	0.29047	53.938	0.29014
8.9847	56.818	0.29059	53.941	0.29026
9.0366	56.849	0.29079	53.97	0.29046
9.0885	57	0.29011	54.114	0.28978
9.1405	57.003	0.29029	54.116	0.28996
9.1924	57.085	0.28958	54.195	0.28925
9.2444	57.09	0.29007	54.199	0.28974
9.2963	57.18	0.29002	54.285	0.28969
9.3482	57.214	0.28945	54.316	0.28912
9.4002	57.261	0.28939	54.361	0.28906
9.4521	57.334	0.28933	54.43	0.28901
9.504	57.384	0.28936	54.478	0.28904
9.556	57.411	0.28943	54.503	0.28911
9.6079	57.477	0.28925	54.566	0.28893
9.6598	57.584	0.28907	54.668	0.28874
9.7118	57.594	0.28892	54.677	0.28859
9.7637	57.688	0.2886	54.766	0.28828
9.8156	57.742	0.28823	54.817	0.28791
9.8676	57.768	0.2887	54.842	0.28838
9.9195	57.857	0.28806	54.927	0.28774
9.9714	58.037	0.28725	55.097	0.28693
10.023	58.028	0.28747	55.088	0.28715
10.075	58.132	0.28713	55.187	0.28681
10.127	58.203	0.28739	55.254	0.28707
10.179	58.289	0.2866	55.336	0.28628
10.231	58.241	0.28718	55.291	0.28686
10.283	58.295	0.28648	55.342	0.28616
10.335	58.364	0.2867	55.408	0.28638
10.387	58.364	0.28608	55.408	0.28576
10.439	58.333	0.28646	55.378	0.28614
10.491	58.453	0.28605	55.492	0.28573
10.543	58.535	0.28513	55.57	0.28481
10.595	58.582	0.28525	55.614	0.28493
10.647	58.671	0.28466	55.698	0.28434
10.699	58.722	0.2847	55.747	0.28438
10.75	58.727	0.28474	55.751	0.28442
10.802	58.853	0.28394	55.871	0.28362
10.854	58.949	0.28392	55.963	0.2836
10.906	58.936	0.28408	55.95	0.28377
10.958	58.988	0.28383	55.999	0.28352
11.01	59.041	0.2839	56.049	0.28359
11.062	59.096	0.28366	56.102	0.28334
11.114	59.114	0.28404	56.119	0.28372
11.166	59.215	0.28349	56.214	0.28318
11.218	59.277	0.28336	56.274	0.28305
11.27	59.305	0.28364	56.3	0.28333
11.322	59.334	0.28339	56.328	0.28308
11.374	59.392	0.28336	56.383	0.28305
11.426	59.382	0.2832	56.373	0.28289
11.478	59.466	0.28286	56.453	0.28255
11.529	59.42	0.28377	56.409	0.28346
11.581	59.526	0.28319	56.51	0.28288
11.633	59.594	0.28306	56.574	0.28275
11.685	59.626	0.28314	56.605	0.28282
11.737	59.656	0.28299	56.633	0.28268
11.789	59.713	0.28348	56.686	0.28317
11.841	59.75	0.283	56.722	0.28269
11.893	59.811	0.28352	56.78	0.28321
11.945	59.821	0.28315	56.789	0.28284
11.997	59.911	0.28293	56.874	0.28262
12.049	59.99	0.28299	56.95	0.28268
12.101	60.011	0.28333	56.97	0.28302
12.153	60.094	0.2831	57.048	0.28279
12.205	60.191	0.28331	57.14	0.283
12.257	60.291	0.283	57.236	0.28269
12.308	60.384	0.28284	57.323	0.28253
12.36	60.381	0.28327	57.32	0.28296
12.412	60.479	0.28324	57.414	0.28293
12.464	60.499	0.28307	57.432	0.28276
12.516	60.54	0.28298	57.471	0.28268
12.568	60.542	0.28304	57.473	0.28273
12.62	60.677	0.28271	57.601	0.2824
12.672	60.695	0.2826	57.618	0.2823
12.724	60.717	0.28279	57.639	0.28248
12.776	60.715	0.28321	57.637	0.28291
12.828	60.822	0.28298	57.739	0.28268
12.88	60.797	0.28305	57.715	0.28275
12.932	60.82	0.2837	57.737	0.2834
12.984	60.878	0.28324	57.792	0.28294
13.036	60.933	0.28344	57.844	0.28314
13.088	60.985	0.28303	57.893	0.28273
13.139	61.021	0.28315	57.927	0.28284
13.191	61.054	0.28286	57.959	0.28255
13.243	61.146	0.2831	58.046	0.2828
13.295	61.152	0.28325	58.052	0.28295
13.347	61.178	0.28352	58.076	0.28322
13.399	61.212	0.28337	58.109	0.28306
13.451	61.218	0.28342	58.115	0.28311
13.503	61.295	0.28309	58.188	0.28279
13.555	61.323	0.2833	58.214	0.28299
13.607	61.331	0.28381	58.221	0.2835
13.659	61.417	0.28338	58.304	0.28308
13.711	61.397	0.28378	58.285	0.28348
13.763	61.498	0.28372	58.38	0.28342
13.815	61.536	0.28366	58.416	0.28335
13.867	61.561	0.28326	58.44	0.28296
13.918	61.675	0.28277	58.548	0.28247
13.97	61.695	0.28221	58.567	0.28191
14.022	61.766	0.28197	58.635	0.28167
14.074	61.869	0.28204	58.732	0.28174
14.126	61.816	0.28216	58.682	0.28186
14.178	61.852	0.28246	58.716	0.28216
14.23	61.908	0.28214	58.769	0.28184
14.282	61.927	0.28191	58.787	0.28161
14.334	61.956	0.28174	58.815	0.28144
14.386	61.998	0.2815	58.854	0.2812
14.438	62.073	0.28157	58.925	0.28127
14.49	62.102	0.28109	58.953	0.28079
14.542	62.068	0.28131	58.92	0.28102
14.594	62.091	0.28107	58.942	0.28077
14.646	62.128	0.28045	58.978	0.28015
14.697	62.197	0.2808	59.043	0.2805
14.749	62.178	0.28046	59.025	0.28016
14.801	62.271	0.28024	59.113	0.27994
14.853	62.305	0.28009	59.146	0.27979
14.905	62.395	0.28027	59.231	0.27998
14.957	62.429	0.2801	59.263	0.27981
15.009	62.466	0.28034	59.299	0.28005
15.061	62.511	0.27965	59.341	0.27936
15.113	62.538	0.27974	59.367	0.27945
15.165	62.537	0.28006	59.365	0.27976
15.217	62.571	0.27917	59.398	0.27888
15.269	62.588	0.27999	59.413	0.27969
15.321	62.686	0.27967	59.506	0.27937
15.373	62.746	0.2786	59.564	0.2783
15.425	62.792	0.27914	59.607	0.27884
15.476	62.844	0.27869	59.657	0.2784
15.528	62.837	0.27962	59.65	0.27932
15.58	62.902	0.27964	59.711	0.27934
15.632	62.945	0.27942	59.753	0.27913
15.684	62.936	0.27949	59.744	0.2792
15.736	62.98	0.27983	59.785	0.27954
15.788	63.006	0.27966	59.81	0.27936
15.84	62.98	0.27937	59.785	0.27908
15.892	63.08	0.2801	59.88	0.2798
15.944	63.078	0.27921	59.879	0.27891
15.996	63.18	0.2788	59.976	0.27851
16.048	63.209	0.27828	60.003	0.27799
16.1	63.281	0.27644	60.071	0.27615
16.152	63.241	0.27601	60.034	0.27572
16.204	63.256	0.27622	60.048	0.27593
16.256	63.271	0.27533	60.062	0.27505
16.307	63.338	0.2758	60.126	0.27551
16.359	63.39	0.27608	60.175	0.27579
16.411	63.323	0.27616	60.111	0.27587
16.463	63.403	0.27808	60.187	0.27779
16.515	63.405	0.27862	60.189	0.27833
16.567	63.47	0.27839	60.251	0.2781
16.619	63.501	0.27953	60.28	0.27924
16.671	63.576	0.27886	60.351	0.27857
16.723	63.606	0.27946	60.379	0.27917
16.775	63.626	0.27917	60.399	0.27888
16.827	63.709	0.27927	60.477	0.27898
16.879	63.755	0.27903	60.521	0.27874
16.931	63.808	0.27861	60.571	0.27832
16.983	63.802	0.27855	60.565	0.27826
17.035	63.812	0.27927	60.575	0.27898
17.086	63.85	0.27881	60.611	0.27853
17.138	63.892	0.27851	60.651	0.27823
17.19	63.873	0.27872	60.633	0.27843
17.242	63.919	0.27872	60.677	0.27843
17.294	64.012	0.27835	60.765	0.27806
17.346	64.027	0.27856	60.778	0.27827
17.398	64.13	0.27868	60.877	0.2784
17.45	64.102	0.27906	60.85	0.27877
17.502	64.21	0.27899	60.952	0.27871
17.554	64.22	0.27919	60.962	0.27891
17.606	64.267	0.27935	61.007	0.27907
17.658	64.297	0.27982	61.035	0.27953
17.71	64.372	0.27987	61.106	0.27958
17.762	64.346	0.28039	61.081	0.28011
17.814	64.427	0.27989	61.158	0.2796
17.865	64.464	0.28014	61.194	0.27985
17.917	64.5	0.28073	61.228	0.28044
17.969	64.556	0.28079	61.28	0.28051
18.021	64.533	0.28156	61.258	0.28128
18.073	64.586	0.28124	61.309	0.28095
18.125	64.63	0.28079	61.351	0.2805
18.177	64.574	0.28088	61.298	0.28059
18.229	64.646	0.28101	61.366	0.28072
18.281	64.655	0.28101	61.375	0.28072
18.333	64.624	0.28146	61.345	0.28117
18.385	64.703	0.28095	61.42	0.28066
18.437	64.738	0.28105	61.453	0.28077
18.489	64.685	0.28126	61.403	0.28097
18.541	64.758	0.28097	61.473	0.28068
18.593	64.719	0.28076	61.435	0.28047
18.645	64.761	0.28081	61.475	0.28052
18.696	64.771	0.28095	61.485	0.28066
18.748	64.75	0.28047	61.464	0.28019
18.8	64.722	0.28149	61.438	0.2812
18.852	64.732	0.28099	61.447	0.28071
18.904	64.716	0.28152	61.432	0.28123
18.956	64.721	0.28175	61.437	0.28146
19.008	64.788	0.28146	61.5	0.28118
19.06	64.758	0.28139	61.472	0.2811
19.112	64.755	0.28136	61.469	0.28107
19.164	64.741	0.28138	61.456	0.28109
19.216	64.811	0.28088	61.522	0.28059
19.268	64.726	0.28066	61.442	0.28037
19.32	64.745	0.28054	61.46	0.28025
19.372	64.744	0.28008	61.459	0.2798
19.424	64.724	0.28021	61.44	0.27992
19.475	64.648	0.28054	61.367	0.28025
19.527	64.704	0.28012	61.421	0.27983
19.579	64.645	0.28041	61.365	0.28012
19.631	64.656	0.27981	61.376	0.27953
19.683	64.621	0.27984	61.342	0.27955
19.735	64.626	0.27931	61.347	0.27903
19.787	64.574	0.27954	61.298	0.27925
19.839	64.553	0.27956	61.278	0.27927
19.891	64.623	0.27876	61.344	0.27847
19.943	64.59	0.2791	61.313	0.27881
19.995	64.57	0.27932	61.294	0.27903
20.047	64.549	0.27877	61.274	0.27848
20.099	64.436	0.27904	61.166	0.27875
20.151	64.45	0.27876	61.18	0.27847
20.203	64.498	0.27839	61.226	0.2781
20.254	64.402	0.27867	61.134	0.27838
20.306	64.437	0.27855	61.167	0.27826
20.358	64.391	0.27875	61.124	0.27846
20.41	64.409	0.27848	61.142	0.27819
20.462	64.392	0.27854	61.125	0.27825
