Time	Fascicle Length R1_F1	Pennation Angle R1_F1	Fascicle Length R1_F2	Pennation Angle R1_F2	Time	Fascicle Length R2_F1	Pennation Angle R2_F1	
0.053591	64.005	0.28876	65.477	0.29053	0.053591	40.755	0.46365
0.10718	64.049	0.28957	67.716	0.28492	0.10718	40.753	0.46315
0.16077	64.042	0.28974	67.708	0.2851	0.16077	40.831	0.46277
0.21436	64.183	0.28791	67.857	0.28328	0.21436	40.924	0.46295
0.26795	64.196	0.28884	67.87	0.2842	0.26795	40.958	0.46206
0.32154	64.222	0.28911	67.897	0.28448	0.32154	40.949	0.46101
0.37513	64.277	0.28896	67.954	0.28434	0.37513	40.969	0.46019
0.42872	64.283	0.28869	67.96	0.28407	0.42872	40.984	0.45989
0.48232	64.314	0.28844	67.993	0.28382	0.48232	40.976	0.4601
0.53591	64.333	0.28807	68.012	0.28346	0.53591	41.006	0.46006
0.5895	64.404	0.28725	68.087	0.28265	0.5895	41.072	0.45994
0.64309	64.433	0.28767	68.116	0.28307	0.64309	41.082	0.45973
0.69668	64.498	0.28725	68.185	0.28266	0.69668	41.121	0.45985
0.75027	64.535	0.28723	68.223	0.28264	0.75027	41.161	0.45905
0.80386	64.597	0.28661	68.289	0.28202	0.80386	41.191	0.45888
0.85745	64.628	0.28601	68.321	0.28144	0.85745	41.195	0.45936
0.91104	64.672	0.28598	68.367	0.28141	0.91104	41.211	0.45898
0.96463	64.711	0.28583	68.407	0.28126	0.96463	41.235	0.45844
1.0182	64.698	0.28534	68.393	0.28077	1.0182	41.224	0.45859
1.0718	64.753	0.28542	68.451	0.28087	1.0718	41.243	0.45789
1.1254	64.803	0.28512	68.503	0.28056	1.1254	41.296	0.45751
1.179	64.818	0.28507	68.519	0.28051	1.179	41.327	0.45732
1.2326	64.866	0.28548	68.569	0.28093	1.2326	41.337	0.45675
1.2862	64.985	0.28463	68.693	0.2801	1.2862	41.408	0.45695
1.3398	65.007	0.28495	68.717	0.28042	1.3398	41.419	0.45608
1.3934	64.983	0.28504	68.691	0.28051	1.3934	41.379	0.45612
1.4469	65.069	0.28464	68.782	0.28011	1.4469	41.398	0.45591
1.5005	65.126	0.28442	68.841	0.2799	1.5005	41.422	0.45634
1.5541	65.194	0.28444	68.913	0.27991	1.5541	41.436	0.45563
1.6077	65.249	0.28449	68.97	0.27996	1.6077	41.44	0.45541
1.6613	65.309	0.28496	69.032	0.28044	1.6613	41.45	0.45437
1.7149	65.352	0.28459	69.078	0.28009	1.7149	41.458	0.45429
1.7685	65.383	0.28366	69.11	0.27916	1.7685	41.485	0.45461
1.8221	65.456	0.2835	69.187	0.27901	1.8221	41.511	0.45399
1.8757	65.483	0.28335	69.214	0.27887	1.8757	41.519	0.45384
1.9293	65.525	0.28265	69.258	0.27818	1.9293	41.54	0.4531
1.9829	65.615	0.28171	69.353	0.27726	1.9829	41.608	0.45212
2.0364	65.588	0.28174	69.324	0.27728	2.0364	41.609	0.45235
2.09	65.629	0.28163	69.366	0.27718	2.09	41.635	0.45182
2.1436	65.701	0.28089	69.442	0.27645	2.1436	41.676	0.45095
2.1972	65.768	0.28092	69.511	0.2765	2.1972	41.704	0.44977
2.2508	65.845	0.28047	69.592	0.27605	2.2508	41.712	0.44882
2.3044	65.906	0.28039	69.656	0.27599	2.3044	41.715	0.44779
2.358	65.986	0.27961	69.741	0.27521	2.358	41.753	0.44739
2.4116	65.974	0.27957	69.727	0.27518	2.4116	41.683	0.44746
2.4652	66.081	0.27889	69.84	0.27451	2.4652	41.717	0.44715
2.5188	66.135	0.27881	69.897	0.27444	2.5188	41.692	0.44723
2.5723	66.169	0.27856	69.931	0.2742	2.5723	41.701	0.44702
2.6259	66.218	0.2784	69.983	0.27404	2.6259	41.719	0.4464
2.6795	66.261	0.2781	70.028	0.27375	2.6795	41.729	0.44609
2.7331	66.311	0.27769	70.081	0.27335	2.7331	41.749	0.44557
2.7867	66.328	0.2775	70.098	0.27316	2.7867	41.763	0.44551
2.8403	66.344	0.27749	70.115	0.27315	2.8403	41.767	0.44548
2.8939	66.423	0.27717	70.197	0.27285	2.8939	41.785	0.44489
2.9475	66.427	0.27624	70.201	0.27192	2.9475	41.793	0.44574
3.0011	66.483	0.27596	70.26	0.27164	3.0011	41.788	0.44533
3.0547	66.52	0.27547	70.298	0.27117	3.0547	41.777	0.4452
3.1083	66.576	0.27384	70.358	0.26954	3.1083	41.851	0.44544
3.1618	66.572	0.27357	70.353	0.26928	3.1618	41.841	0.44525
3.2154	66.634	0.2728	70.418	0.26851	3.2154	41.91	0.4451
3.269	66.626	0.27302	70.409	0.26874	3.269	41.9	0.44479
3.3226	66.676	0.27253	70.462	0.26826	3.3226	41.919	0.44483
3.3762	66.697	0.27291	70.484	0.26863	3.3762	41.908	0.44423
3.4298	66.698	0.27285	70.484	0.26857	3.4298	41.92	0.44408
3.4834	66.765	0.27264	70.555	0.26837	3.4834	41.956	0.44343
3.537	66.787	0.2721	70.577	0.26784	3.537	42.002	0.44245
3.5906	66.872	0.27151	70.666	0.26726	3.5906	42.047	0.4414
3.6442	66.885	0.27193	70.68	0.26767	3.6442	42.044	0.44125
3.6977	66.919	0.27225	70.715	0.268	3.6977	42.048	0.44043
3.7513	66.995	0.27235	70.795	0.26811	3.7513	42.073	0.43944
3.8049	67.02	0.27123	70.821	0.26699	3.8049	42.125	0.44055
3.8585	67.04	0.27137	70.841	0.26713	3.8585	42.124	0.44013
3.9121	67.107	0.27147	70.911	0.26724	3.9121	42.139	0.43943
3.9657	67.148	0.27109	70.954	0.26686	3.9657	42.157	0.43963
4.0193	67.226	0.27134	71.036	0.26711	4.0193	42.153	0.4383
4.0729	67.275	0.27155	71.087	0.26733	4.0729	42.137	0.43795
4.1265	67.332	0.27072	71.148	0.26651	4.1265	42.142	0.43803
4.1801	67.347	0.27099	71.163	0.26677	4.1801	42.151	0.43765
4.2337	67.423	0.27126	71.242	0.26704	4.2337	42.138	0.43663
4.2872	67.468	0.27138	71.289	0.26717	4.2872	42.157	0.43618
4.3408	67.52	0.27161	71.343	0.2674	4.3408	42.147	0.43558
4.3944	67.547	0.27128	71.372	0.26708	4.3944	42.155	0.43562
4.448	67.566	0.27149	71.391	0.2673	4.448	42.187	0.43565
4.5016	67.579	0.27107	71.404	0.26687	4.5016	42.2	0.43545
4.5552	67.618	0.27104	71.445	0.26686	4.5552	42.214	0.43496
4.6088	67.634	0.27063	71.462	0.26644	4.6088	42.235	0.43511
4.6624	67.636	0.27081	71.463	0.26662	4.6624	42.258	0.43469
4.716	67.647	0.27061	71.475	0.26643	4.716	42.284	0.43488
4.7696	67.664	0.27094	71.492	0.26675	4.7696	42.299	0.43507
4.8232	67.689	0.27086	71.517	0.26668	4.8232	42.29	0.43497
4.8767	67.77	0.27072	71.602	0.26655	4.8767	42.319	0.43466
4.9303	67.809	0.26991	71.643	0.26574	4.9303	42.348	0.43497
4.9839	67.854	0.27	71.69	0.26585	4.9839	42.323	0.43434
5.0375	67.882	0.26934	71.719	0.26519	5.0375	42.328	0.43447
5.0911	67.887	0.26949	71.724	0.26534	5.0911	42.354	0.43441
5.1447	67.96	0.26921	71.801	0.26506	5.1447	42.359	0.43438
5.1983	68.01	0.26928	71.854	0.26514	5.1983	42.374	0.43341
5.2519	68.036	0.26911	71.881	0.26498	5.2519	42.391	0.43285
5.3055	68.068	0.26939	71.914	0.26525	5.3055	42.382	0.43176
5.3591	68.117	0.26984	71.964	0.26572	5.3591	42.373	0.43132
5.4126	68.116	0.27	71.962	0.26587	5.4126	42.387	0.43173
5.4662	68.186	0.27054	72.037	0.26641	5.4662	42.423	0.43088
5.5198	68.216	0.27044	72.067	0.26632	5.5198	42.436	0.42954
5.5734	68.232	0.27002	72.085	0.26589	5.5734	42.469	0.42934
5.627	68.274	0.27	72.128	0.26589	5.627	42.433	0.4295
5.6806	68.423	0.26902	72.285	0.26492	5.6806	42.51	0.42902
5.7342	68.397	0.26918	72.257	0.26509	5.7342	42.512	0.42819
5.7878	68.451	0.26846	72.314	0.26437	5.7878	42.57	0.42774
5.8414	68.474	0.26867	72.337	0.26457	5.8414	42.577	0.42725
5.895	68.544	0.26887	72.41	0.26478	5.895	42.568	0.42705
5.9486	68.582	0.26885	72.45	0.26477	5.9486	42.601	0.42626
6.0021	68.627	0.26803	72.497	0.26396	6.0021	42.65	0.42602
6.0557	68.686	0.26774	72.559	0.26368	6.0557	42.677	0.42568
6.1093	68.671	0.26832	72.542	0.26426	6.1093	42.664	0.42531
6.1629	68.737	0.26779	72.613	0.26373	6.1629	42.71	0.42478
6.2165	68.809	0.2688	72.687	0.26475	6.2165	42.69	0.42349
6.2701	68.845	0.26837	72.725	0.26433	6.2701	42.717	0.42389
6.3237	68.893	0.26808	72.776	0.26404	6.3237	42.752	0.42364
6.3773	68.927	0.26823	72.811	0.26418	6.3773	42.768	0.42331
6.4309	68.929	0.26819	72.812	0.26416	6.4309	42.774	0.4224
6.4845	68.965	0.26754	72.85	0.26352	6.4845	42.819	0.42197
6.538	68.977	0.26678	72.862	0.26276	6.538	42.843	0.42236
6.5916	69.01	0.26676	72.897	0.26274	6.5916	42.852	0.42239
6.6452	69.073	0.26724	72.963	0.26323	6.6452	42.854	0.42216
6.6988	69.113	0.26764	73.005	0.26364	6.6988	42.846	0.42123
6.7524	69.198	0.26623	73.095	0.26224	6.7524	42.918	0.42151
6.806	69.2	0.26556	73.097	0.26158	6.806	42.947	0.42184
6.8596	69.223	0.2655	73.121	0.26152	6.8596	42.977	0.42136
6.9132	69.243	0.26516	73.142	0.26119	6.9132	43.003	0.42181
6.9668	69.288	0.26496	73.189	0.26099	6.9668	43.025	0.42114
7.0204	69.289	0.26514	73.19	0.26118	7.0204	42.945	0.42203
7.074	69.347	0.2644	73.251	0.26045	7.074	42.976	0.42151
7.1275	69.344	0.26382	73.248	0.25987	7.1275	43.022	0.42192
7.1811	69.389	0.2645	73.294	0.26055	7.1811	43.02	0.42164
7.2347	69.45	0.26445	73.358	0.26052	7.2347	43.069	0.42081
7.2883	69.454	0.26371	73.362	0.25978	7.2883	43.089	0.42154
7.3419	69.452	0.26388	73.36	0.25995	7.3419	43.08	0.42124
7.3955	69.501	0.26333	73.411	0.25942	7.3955	43.104	0.42018
7.4491	69.561	0.26307	73.474	0.25916	7.4491	43.134	0.41982
7.5027	69.587	0.26279	73.501	0.25888	7.5027	43.141	0.42022
7.5563	69.605	0.26331	73.52	0.25941	7.5563	43.129	0.41969
7.6099	69.677	0.26302	73.595	0.25912	7.6099	43.151	0.41998
7.6635	69.696	0.26305	73.615	0.25915	7.6635	43.157	0.41967
7.717	69.772	0.26256	73.696	0.25867	7.717	43.198	0.41957
7.7706	69.816	0.26303	73.741	0.25914	7.7706	43.2	0.41888
7.8242	69.865	0.26261	73.793	0.25873	7.8242	43.196	0.4191
7.8778	69.959	0.26298	73.892	0.2591	7.8778	43.24	0.41844
7.9314	69.929	0.26246	73.86	0.25859	7.9314	43.243	0.41943
7.985	69.909	0.26225	73.839	0.25836	7.985	43.244	0.4198
8.0386	69.946	0.26208	73.878	0.25821	8.0386	43.245	0.41895
8.0922	69.959	0.26164	73.892	0.25777	8.0922	43.266	0.41972
8.1458	69.938	0.26179	73.869	0.25792	8.1458	43.302	0.41858
8.1994	69.934	0.26223	73.865	0.25836	8.1994	43.262	0.4183
8.2529	69.946	0.26193	73.878	0.25805	8.2529	43.293	0.41874
8.3065	69.941	0.26229	73.873	0.25842	8.3065	43.287	0.41831
8.3601	69.926	0.26215	73.857	0.25828	8.3601	43.272	0.41852
8.4137	69.975	0.26136	73.908	0.2575	8.4137	43.309	0.41833
8.4673	69.946	0.2615	73.878	0.25764	8.4673	43.295	0.41837
8.5209	69.967	0.2616	73.901	0.25774	8.5209	43.3	0.41789
8.5745	69.97	0.26118	73.904	0.25732	8.5745	43.29	0.41844
8.6281	69.938	0.26132	73.87	0.25746	8.6281	43.299	0.41865
8.6817	69.974	0.2614	73.907	0.25754	8.6817	43.316	0.4178
8.7353	69.99	0.26109	73.924	0.25723	8.7353	43.342	0.41817
8.7889	69.959	0.2616	73.892	0.25774	8.7889	43.313	0.41811
8.8424	69.921	0.26133	73.852	0.25747	8.8424	43.294	0.41848
8.896	69.91	0.26033	73.84	0.25647	8.896	43.31	0.41998
8.9496	69.929	0.26043	73.86	0.25657	8.9496	43.304	0.41891
9.0032	69.877	0.26035	73.806	0.25649	9.0032	43.267	0.41944
9.0568	69.868	0.26008	73.798	0.25622	9.0568	43.273	0.41959
9.1104	69.791	0.26079	73.717	0.25693	9.1104	43.229	0.41951
9.164	69.767	0.26059	73.691	0.25673	9.164	43.228	0.42001
9.2176	69.728	0.2609	73.65	0.25703	9.2176	43.204	0.42044
9.2712	69.709	0.26136	73.631	0.25749	9.2712	43.198	0.41932
9.3248	69.688	0.26134	73.609	0.25747	9.3248	43.212	0.41916
9.3783	69.578	0.26145	73.493	0.25756	9.3783	43.168	0.4201
9.4319	69.57	0.26225	73.484	0.25836	9.4319	43.141	0.41998
9.4855	69.584	0.26258	73.499	0.25869	9.4855	43.123	0.41954
9.5391	69.514	0.26283	73.426	0.25894	9.5391	43.085	0.41936
9.5927	69.489	0.26183	73.4	0.25793	9.5927	43.108	0.42016
9.6463	69.44	0.26306	73.349	0.25916	9.6463	43.085	0.41963
9.6999	69.38	0.26337	73.286	0.25947	9.6999	43.028	0.41984
9.7535	69.371	0.26312	73.277	0.2592	9.7535	43.065	0.42006
9.8071	69.358	0.26279	73.263	0.25888	9.8071	43.077	0.42003
9.8607	69.28	0.26342	73.181	0.2595	9.8607	43.028	0.42007
9.9143	69.24	0.26404	73.139	0.26012	9.9143	43.025	0.41964
9.9678	69.17	0.26402	73.066	0.26009	9.9678	43.017	0.42028
10.021	69.13	0.26429	73.023	0.26035	10.021	42.993	0.42058
10.075	69.115	0.26444	73.007	0.2605	10.075	42.978	0.42058
10.129	69.106	0.26422	72.998	0.26028	10.129	42.951	0.42112
10.182	69.058	0.26393	72.948	0.25999	10.182	42.888	0.42169
10.236	69.049	0.26324	72.939	0.25931	10.236	42.874	0.42228
10.289	68.983	0.26323	72.87	0.25929	10.289	42.81	0.42298
10.343	68.993	0.26269	72.881	0.25875	10.343	42.818	0.42328
10.397	68.928	0.26299	72.812	0.25904	10.397	42.803	0.42319
10.45	68.904	0.26399	72.788	0.26003	10.45	42.803	0.42196
10.504	68.903	0.26455	72.787	0.26059	10.504	42.809	0.42122
10.557	68.846	0.26419	72.728	0.26023	10.557	42.801	0.42203
10.611	68.841	0.26423	72.722	0.26026	10.611	42.787	0.42285
10.665	68.81	0.26447	72.689	0.26049	10.665	42.773	0.42331
10.718	68.818	0.26488	72.698	0.2609	10.718	42.756	0.4228
10.772	68.817	0.26504	72.696	0.26106	10.772	42.781	0.42246
10.825	68.771	0.26508	72.649	0.26109	10.825	42.778	0.42247
10.879	68.756	0.26507	72.633	0.26107	10.879	42.8	0.42328
10.932	68.723	0.26576	72.598	0.26176	10.932	42.791	0.4228
10.986	68.708	0.26549	72.583	0.26148	10.986	42.807	0.42351
11.04	68.709	0.26563	72.585	0.26163	11.04	42.841	0.42386
11.093	68.64	0.26603	72.514	0.26201	11.093	42.78	0.42471
11.147	68.569	0.26632	72.439	0.26229	11.147	42.717	0.42579
11.2	68.673	0.26698	72.549	0.26295	11.2	42.715	0.42454
11.254	68.621	0.26678	72.494	0.26275	11.254	42.716	0.42436
11.308	68.545	0.26703	72.415	0.26299	11.308	42.705	0.42492
11.361	68.466	0.26679	72.331	0.26275	11.361	42.722	0.42509
11.415	68.475	0.2676	72.34	0.26357	11.415	42.695	0.42503
11.468	68.42	0.26617	72.283	0.26214	11.468	42.679	0.42565
11.522	68.397	0.2662	72.259	0.26216	11.522	42.679	0.42603
11.576	68.325	0.267	72.184	0.26295	11.576	42.654	0.42546
11.629	68.324	0.26672	72.183	0.26268	11.629	42.641	0.42544
11.683	68.277	0.26676	72.133	0.26271	11.683	42.615	0.42574
11.736	68.295	0.26765	72.153	0.26359	11.736	42.602	0.42503
11.79	68.225	0.26695	72.079	0.2629	11.79	42.561	0.42595
11.844	68.221	0.26651	72.077	0.26245	11.844	42.538	0.42693
11.897	68.139	0.26717	71.99	0.26311	11.897	42.463	0.4277
11.951	68.088	0.26612	71.938	0.26206	11.951	42.423	0.42774
12.004	68.088	0.26597	71.938	0.2619	12.004	42.432	0.42814
12.058	67.964	0.26725	71.808	0.26317	12.058	42.347	0.42772
12.111	67.92	0.26697	71.762	0.26288	12.111	42.356	0.4286
12.165	67.911	0.26788	71.752	0.26377	12.165	42.326	0.42819
12.219	67.925	0.26919	71.767	0.26509	12.219	42.298	0.42665
12.272	67.873	0.26876	71.714	0.26467	12.272	42.316	0.42686
12.326	67.806	0.26807	71.643	0.26397	12.326	42.357	0.42791
12.379	67.807	0.26854	71.644	0.26443	12.379	42.382	0.42769
12.433	67.792	0.26965	71.628	0.26554	12.433	42.352	0.4276
12.487	67.724	0.26969	71.558	0.26556	12.487	42.34	0.42722
12.54	67.755	0.26966	71.591	0.26553	12.54	42.35	0.42669
12.594	67.687	0.27027	71.519	0.26613	12.594	42.307	0.42755
12.647	67.694	0.27102	71.526	0.26688	12.647	42.266	0.42745
12.701	67.688	0.27076	71.521	0.26662	12.701	42.274	0.4283
12.755	67.616	0.27049	71.445	0.26633	12.755	42.214	0.4287
12.808	67.607	0.2711	71.436	0.26694	12.808	42.178	0.42839
12.862	67.597	0.27013	71.426	0.26598	12.862	42.178	0.42879
12.915	67.596	0.2707	71.426	0.26655	12.915	42.165	0.42803
12.969	67.528	0.27096	71.354	0.2668	12.969	42.136	0.42957
13.023	67.491	0.27052	71.316	0.26635	13.023	42.143	0.43009
13.076	67.465	0.27109	71.288	0.26691	13.076	42.101	0.43021
13.13	67.439	0.2712	71.261	0.26702	13.13	42.082	0.43075
13.183	67.441	0.27124	71.264	0.26707	13.183	42.086	0.4305
13.237	67.418	0.27035	71.241	0.26617	13.237	42.137	0.43116
13.29	67.457	0.27118	71.283	0.267	13.29	42.154	0.43041
13.344	67.415	0.27175	71.238	0.26757	13.344	42.134	0.42918
13.398	67.402	0.27169	71.225	0.2675	13.398	42.145	0.43005
13.451	67.351	0.27165	71.172	0.26745	13.451	42.129	0.43116
13.505	67.39	0.27245	71.213	0.26825	13.505	42.103	0.43041
13.558	67.373	0.27254	71.195	0.26834	13.558	42.073	0.43099
13.612	67.319	0.27207	71.139	0.26787	13.612	42.079	0.432
13.666	67.244	0.27085	71.061	0.26665	13.666	42.063	0.43254
13.719	67.257	0.27104	71.075	0.26683	13.719	42.052	0.43238
13.773	67.163	0.27167	70.976	0.26745	13.773	42.014	0.43322
13.826	67.169	0.27127	70.983	0.26705	13.826	42.026	0.43427
13.88	67.108	0.27191	70.919	0.26768	13.88	41.988	0.43494
13.934	67.079	0.27248	70.888	0.26824	13.934	41.967	0.43413
13.987	67.062	0.27314	70.871	0.2689	13.987	41.979	0.43316
14.041	67.031	0.27204	70.839	0.26781	14.041	42.009	0.43449
14.094	66.961	0.27255	70.765	0.2683	14.094	42.011	0.43589
14.148	66.913	0.27256	70.716	0.26831	14.148	42.019	0.43719
14.202	66.898	0.27321	70.7	0.26896	14.202	42.047	0.43682
14.255	66.822	0.27295	70.62	0.2687	14.255	42.083	0.43795
14.309	66.757	0.27309	70.552	0.26884	14.309	42.078	0.43852
14.362	66.722	0.27227	70.516	0.26801	14.362	42.123	0.43992
14.416	66.698	0.27243	70.492	0.26817	14.416	42.186	0.44088
14.469	66.62	0.2722	70.41	0.26793	14.469	42.208	0.44218
14.523	66.633	0.27134	70.425	0.26707	14.523	42.22	0.44422
14.577	66.564	0.27148	70.352	0.26721	14.577	42.227	0.44463
14.63	66.499	0.27142	70.284	0.26713	14.63	42.245	0.44621
14.684	66.472	0.27274	70.255	0.26844	14.684	42.218	0.44538
14.737	66.429	0.27305	70.211	0.26874	14.737	42.227	0.44607
14.791	66.368	0.27384	70.146	0.26953	14.791	42.2	0.44684
14.845	66.367	0.27341	70.146	0.2691	14.845	42.177	0.4477
14.898	66.338	0.27269	70.116	0.26838	14.898	42.198	0.44888
14.952	66.302	0.27318	70.079	0.26886	14.952	42.194	0.44746
15.005	66.257	0.27374	70.032	0.26942	15.005	42.173	0.44646
15.059	66.207	0.27387	69.979	0.26955	15.059	42.147	0.44712
15.113	66.186	0.27337	69.958	0.26905	15.113	42.132	0.44756
15.166	66.181	0.2731	69.954	0.26878	15.166	42.101	0.44754
15.22	66.104	0.27265	69.872	0.26832	15.22	42.113	0.4482
15.273	66.182	0.27258	69.956	0.26826	15.273	42.171	0.44857
15.327	66.102	0.27238	69.872	0.26806	15.327	42.154	0.44921
15.38	66.068	0.27325	69.836	0.26892	15.38	42.132	0.4486
15.434	66.002	0.27362	69.767	0.26928	15.434	42.124	0.44746
15.488	65.992	0.27326	69.757	0.26893	15.488	42.108	0.44794
15.541	65.946	0.27251	69.71	0.26818	15.541	42.151	0.44805
15.595	65.929	0.2721	69.693	0.26776	15.595	42.158	0.44922
15.648	65.91	0.27304	69.672	0.2687	15.648	42.142	0.44903
15.702	65.866	0.27324	69.626	0.26889	15.702	42.131	0.44917
15.756	65.855	0.27346	69.615	0.2691	15.756	42.099	0.4504
15.809	65.866	0.27316	69.627	0.2688	15.809	42.2	0.44985
15.863	65.806	0.2742	69.564	0.26984	15.863	42.156	0.45006
15.916	65.711	0.27446	69.464	0.27009	15.916	42.133	0.45049
15.97	65.688	0.27468	69.44	0.27031	15.97	42.097	0.45019
16.024	65.648	0.2742	69.399	0.26982	16.024	42.09	0.45113
16.077	65.641	0.27389	69.391	0.26951	16.077	42.073	0.4511
16.131	65.652	0.2745	69.403	0.27012	16.131	42.054	0.4503
16.184	65.568	0.2746	69.315	0.27021	16.184	42.049	0.45121
16.238	65.538	0.27486	69.284	0.27047	16.238	42.065	0.45108
16.292	65.531	0.27455	69.278	0.27015	16.292	42.066	0.45193
16.345	65.469	0.27566	69.212	0.27125	16.345	42.009	0.45218
16.399	65.433	0.27647	69.174	0.27206	16.399	41.976	0.4518
16.452	65.382	0.27677	69.121	0.27235	16.452	41.959	0.45191
16.506	65.316	0.27625	69.053	0.27183	16.506	41.974	0.453
16.559	65.24	0.27618	68.972	0.27176	16.559	41.967	0.45352
16.613	65.22	0.27632	68.952	0.27189	16.613	41.93	0.45411
16.667	65.142	0.2777	68.869	0.27326	16.667	41.855	0.45346
16.72	65.11	0.27683	68.837	0.27239	16.72	41.847	0.45477
16.774	65.055	0.27703	68.78	0.27259	16.774	41.814	0.45536
16.827	65.013	0.27706	68.736	0.27261	16.827	41.821	0.45526
16.881	64.938	0.27812	68.657	0.27365	16.881	41.766	0.45494
16.935	64.875	0.27798	68.59	0.27351	16.935	41.749	0.45561
16.988	64.852	0.27833	68.567	0.27385	16.988	41.746	0.45503
17.042	64.777	0.27821	68.489	0.27373	17.042	41.743	0.45643
17.095	64.698	0.27941	68.405	0.27492	17.095	41.654	0.45629
17.149	64.668	0.27975	68.375	0.27525	17.149	41.627	0.45635
17.203	64.535	0.27999	68.234	0.27548	17.203	41.581	0.45683
17.256	64.475	0.28005	68.172	0.27553	17.256	41.546	0.45715
17.31	64.377	0.28084	68.069	0.27631	17.31	41.51	0.45755
17.363	64.32	0.28149	68.009	0.27695	17.363	41.488	0.45735
17.417	64.237	0.28159	67.922	0.27704	17.417	41.459	0.45824
17.471	64.293	0.28182	67.981	0.27727	17.471	41.422	0.45745
17.524	64.202	0.28216	67.886	0.27761	17.524	41.395	0.458
17.578	64.177	0.28148	67.86	0.27692	17.578	41.412	0.45824
17.631	64.143	0.28209	67.824	0.27752	17.631	41.373	0.45814
17.685	64.099	0.28278	67.777	0.2782	17.685	41.344	0.45837
17.738	64.055	0.28286	67.731	0.27828	17.738	41.347	0.45815
17.792	63.98	0.28317	67.652	0.27857	17.792	41.33	0.45891
17.846	63.941	0.2834	67.612	0.27881	17.846	41.284	0.45857
17.899	63.898	0.28371	67.567	0.27911	17.899	41.276	0.45826
17.953	63.844	0.28293	67.511	0.27832	17.953	41.3	0.45904
18.006	63.8	0.28344	67.464	0.27882	18.006	41.259	0.45885
18.06	63.719	0.28443	67.379	0.27981	18.06	41.278	0.45922
18.114	63.689	0.28443	67.347	0.27981	18.114	41.275	0.45872
18.167	63.676	0.28367	67.335	0.27905	18.167	41.281	0.45865
18.221	63.634	0.28395	67.29	0.27932	18.221	41.272	0.45849
18.274	63.546	0.28484	67.197	0.2802	18.274	41.231	0.45883
18.328	63.525	0.28424	67.176	0.27959	18.328	41.228	0.45963
18.382	63.45	0.2844	67.097	0.27975	18.382	41.203	0.45935
18.435	63.394	0.28504	67.038	0.28038	18.435	41.161	0.46007
18.489	63.335	0.28473	66.976	0.28006	18.489	41.155	0.46044
18.542	63.242	0.28604	66.877	0.28136	18.542	41.083	0.46029
18.596	63.231	0.28625	66.866	0.28157	18.596	41.059	0.46024
18.65	63.211	0.28482	66.846	0.28014	18.65	41.042	0.46097
18.703	63.145	0.28581	66.776	0.28113	18.703	41.017	0.46062
18.757	63.156	0.2861	66.788	0.28142	18.757	41.044	0.4596
18.81	63.12	0.285	66.751	0.28032	18.81	41.075	0.45997
18.864	63.099	0.28603	66.729	0.28134	18.864	41.017	0.45956
18.917	62.946	0.28694	66.568	0.28224	18.917	40.929	0.4603
18.971	62.947	0.28633	66.569	0.28163	18.971	40.928	0.46049
19.025	62.894	0.28723	66.513	0.28251	19.025	40.877	0.46103
19.078	62.823	0.28802	66.439	0.2833	19.078	40.859	0.46072
19.132	62.818	0.28742	66.434	0.2827	19.132	40.862	0.46096
19.185	62.836	0.28796	66.453	0.28323	19.185	40.882	0.46011
19.239	62.793	0.28852	66.408	0.28378	19.239	40.833	0.4602
19.293	62.765	0.28796	66.379	0.28322	19.293	40.845	0.46075
19.346	62.756	0.28808	66.37	0.28333	19.346	40.839	0.46107
19.4	62.693	0.28876	66.303	0.28401	19.4	40.791	0.46095
19.453	62.677	0.28873	66.287	0.28398	19.453	40.762	0.46027
19.507	62.69	0.28746	66.3	0.28271	19.507	40.788	0.46117
19.561	62.658	0.28814	66.267	0.28338	19.561	40.767	0.46065
19.614	62.64	0.28853	66.247	0.28377	19.614	40.726	0.4613
19.668	62.658	0.28849	66.267	0.28373	19.668	40.759	0.46134
19.721	62.648	0.28857	66.256	0.28381	19.721	40.721	0.46154
19.775	62.638	0.28891	66.245	0.28416	19.775	40.713	0.46124
19.829	62.631	0.28824	66.239	0.28348	19.829	40.705	0.4623
19.882	62.631	0.28874	66.238	0.28397	19.882	40.666	0.46235
19.936	62.611	0.28939	66.216	0.28462	19.936	40.655	0.46196
19.989	62.632	0.28851	66.239	0.28374	19.989	40.664	0.46228
20.043	62.654	0.28851	66.263	0.28375	20.043	40.66	0.46216
20.096	62.618	0.28894	66.225	0.28417	20.096	40.642	0.46199
20.15	62.622	0.28884	66.229	0.28407	20.15	40.661	0.46216
20.204	62.639	0.28931	66.246	0.28453	20.204	40.623	0.46167
20.257	62.598	0.28887	66.203	0.28409	20.257	40.644	0.46245
20.311	62.638	0.28969	66.245	0.28492	20.311	40.664	0.46131
20.364	62.56	0.28971	66.163	0.28492	20.364	40.607	0.46277
20.418	62.551	0.28983	66.153	0.28504	20.418	40.618	0.46261
20.472	62.526	0.28964	66.127	0.28484	20.472	40.637	0.46317
20.525	62.491	0.29034	66.09	0.28552	20.525	40.681	0.46309
20.579	62.428	0.29077	66.022	0.28594	20.579	40.698	0.46328
20.632	62.392	0.29049	65.983	0.28564	20.632	40.737	0.46517
20.686	62.481	0.29077	66.077	0.28591	20.686	40.766	0.4652
20.74	62.457	0.29128	66.051	0.28642	20.74	40.78	0.46549
20.793	62.42	0.2931	66.008	0.28821	20.793	40.902	0.46584
20.847	62.07	0.30197	65.633	0.29695	20.847	40.911	0.46419
20.9	62.403	0.31829	65.97	0.31316	20.9	40.915	0.45552
20.954	62.825	0.34086	66.393	0.33578	20.954	40.506	0.43708
21.008	60.382	0.338	63.811	0.33278	21.008	39.081	0.43967
21.061	60.865	0.36073	64.307	0.35533	21.061	10.046	0.50439
21.115	59.763	0.3519	63.157	0.34658	21.115	10.111	0.60641
