Time	Fascicle Length R1_F1	Pennation Angle R1_F1	Fascicle Length R1_F2	Pennation Angle R1_F2	
0.055261	61.692	0.32338	60.319	0.32731
0.11052	61.68	0.32304	60.308	0.32697
0.16578	61.776	0.32281	60.401	0.32674
0.22104	61.749	0.32199	60.375	0.32591
0.2763	61.79	0.32146	60.415	0.32539
0.33156	61.804	0.32115	60.429	0.32507
0.38683	61.845	0.32146	60.469	0.32538
0.44209	61.861	0.32063	60.485	0.32455
0.49735	61.905	0.31954	60.528	0.32346
0.55261	61.93	0.3211	60.554	0.32502
0.60787	62.001	0.32153	60.624	0.32544
0.66313	61.975	0.32143	60.599	0.32534
0.71839	62.054	0.32163	60.676	0.32554
0.77365	62.067	0.32194	60.689	0.32585
0.82891	62.097	0.32131	60.718	0.32521
0.88417	62.13	0.32087	60.75	0.32476
0.93943	62.172	0.32096	60.792	0.32485
0.99469	62.197	0.32078	60.817	0.32467
1.05	62.223	0.32068	60.842	0.32457
1.1052	62.255	0.32138	60.874	0.32526
1.1605	62.289	0.32104	60.907	0.32493
1.2157	62.356	0.32134	60.973	0.32521
1.271	62.373	0.32076	60.99	0.32464
1.3263	62.402	0.3212	61.018	0.32508
1.3815	62.438	0.32081	61.054	0.32467
1.4368	62.468	0.32089	61.084	0.32475
1.492	62.503	0.32138	61.118	0.32524
1.5473	62.525	0.32099	61.14	0.32485
1.6026	62.544	0.32154	61.159	0.3254
1.6578	62.59	0.32123	61.204	0.32509
1.7131	62.646	0.32172	61.259	0.32557
1.7683	62.661	0.3222	61.274	0.32605
1.8236	62.696	0.32248	61.309	0.32633
1.8789	62.754	0.32231	61.366	0.32616
1.9341	62.787	0.32233	61.398	0.32616
1.9894	62.838	0.32221	61.449	0.32605
2.0447	62.892	0.32241	61.501	0.32624
2.0999	62.892	0.32215	61.501	0.32598
2.1552	62.92	0.32163	61.529	0.32545
2.2104	62.966	0.32155	61.574	0.32537
2.2657	63.004	0.32168	61.611	0.32549
2.321	63.013	0.32162	61.621	0.32544
2.3762	63.091	0.32153	61.697	0.32535
2.4315	63.087	0.32169	61.693	0.32551
2.4867	63.158	0.32197	61.763	0.32578
2.542	63.196	0.32299	61.801	0.32679
2.5973	63.211	0.32256	61.815	0.32636
2.6525	63.248	0.32264	61.851	0.32645
2.7078	63.244	0.32323	61.847	0.32703
2.763	63.257	0.32299	61.86	0.32679
2.8183	63.33	0.32258	61.932	0.32637
2.8736	63.325	0.32265	61.927	0.32645
2.9288	63.331	0.32282	61.934	0.32661
2.9841	63.453	0.32202	62.053	0.32581
3.0393	63.527	0.32216	62.126	0.32595
3.0946	63.539	0.32231	62.138	0.32609
3.1499	63.532	0.32207	62.131	0.32585
3.2051	63.628	0.32247	62.226	0.32624
3.2604	63.607	0.3234	62.205	0.32718
3.3156	63.573	0.32356	62.173	0.32734
3.3709	63.642	0.32374	62.24	0.32751
3.4262	63.659	0.32363	62.256	0.32739
3.4814	63.75	0.32331	62.345	0.32707
3.5367	63.687	0.3257	62.284	0.32946
3.592	63.674	0.32543	62.272	0.32918
3.6472	63.723	0.32456	62.319	0.32831
3.7025	63.775	0.32436	62.37	0.32811
3.7577	63.827	0.32397	62.421	0.32772
3.813	63.841	0.32403	62.435	0.32778
3.8683	63.893	0.32414	62.487	0.32789
3.9235	63.906	0.32431	62.499	0.32805
3.9788	63.922	0.32461	62.515	0.32835
4.034	63.962	0.32467	62.554	0.3284
4.0893	63.977	0.32499	62.569	0.32872
4.1446	63.97	0.32493	62.562	0.32866
4.1998	64.071	0.32576	62.661	0.32948
4.2551	64.063	0.32587	62.654	0.32959
4.3103	64.028	0.32578	62.619	0.3295
4.3656	64.102	0.32591	62.692	0.32962
4.4209	64.141	0.32598	62.73	0.32969
4.4761	64.136	0.32574	62.725	0.32946
4.5314	64.168	0.32672	62.757	0.33043
4.5866	64.236	0.32674	62.824	0.33044
4.6419	64.264	0.32664	62.852	0.33034
4.6972	64.265	0.32745	62.853	0.33115
4.7524	64.313	0.32792	62.899	0.33163
4.8077	64.346	0.32751	62.932	0.33121
4.863	64.339	0.32743	62.926	0.33113
4.9182	64.395	0.32777	62.981	0.33147
4.9735	64.433	0.32748	63.018	0.33117
5.0287	64.453	0.32802	63.038	0.33171
5.084	64.485	0.32881	63.07	0.33251
5.1393	64.57	0.32859	63.152	0.33228
5.1945	64.512	0.32856	63.096	0.33226
5.2498	64.594	0.32863	63.177	0.33232
5.305	64.655	0.32785	63.237	0.33154
5.3603	64.68	0.32813	63.261	0.33182
5.4156	64.672	0.32831	63.254	0.332
5.4708	64.72	0.32803	63.3	0.33172
5.5261	64.759	0.32855	63.339	0.33223
5.5813	64.785	0.32786	63.364	0.33154
5.6366	64.781	0.32878	63.36	0.33247
5.6919	64.801	0.32838	63.38	0.33206
5.7471	64.86	0.32945	63.439	0.33312
5.8024	64.849	0.32955	63.428	0.33323
5.8576	64.895	0.32936	63.472	0.33303
5.9129	64.944	0.32957	63.52	0.33325
5.9682	64.953	0.3294	63.529	0.33307
6.0234	64.995	0.33003	63.571	0.3337
6.0787	64.97	0.32993	63.546	0.33361
6.134	65.056	0.33019	63.631	0.33386
6.1892	65.119	0.33042	63.693	0.33409
6.2445	65.094	0.33046	63.668	0.33413
6.2997	65.148	0.33049	63.721	0.33415
6.355	65.211	0.33083	63.784	0.33449
6.4103	65.229	0.32999	63.801	0.33364
6.4655	65.276	0.33005	63.847	0.3337
6.5208	65.356	0.32927	63.925	0.33291
6.576	65.413	0.32952	63.981	0.33316
6.6313	65.399	0.32936	63.968	0.333
6.6866	65.484	0.32953	64.052	0.33316
6.7418	65.453	0.32926	64.021	0.3329
6.7971	65.51	0.32882	64.077	0.33246
6.8523	65.543	0.32825	64.109	0.33188
6.9076	65.621	0.3288	64.186	0.33242
6.9629	65.628	0.32855	64.192	0.33217
7.0181	65.678	0.32819	64.242	0.33181
7.0734	65.699	0.32841	64.262	0.33202
7.1286	65.757	0.32856	64.319	0.33218
7.1839	65.782	0.32881	64.343	0.33243
7.2392	65.831	0.32857	64.392	0.33218
7.2944	65.846	0.3284	64.407	0.33201
7.3497	65.899	0.32768	64.458	0.33129
7.405	65.941	0.32797	64.5	0.33156
7.4602	65.953	0.32859	64.512	0.33219
7.5155	65.988	0.32846	64.546	0.33205
7.5707	66.023	0.32849	64.58	0.33208
7.626	66.073	0.32843	64.63	0.33202
7.6813	66.204	0.32699	64.758	0.33056
7.7365	66.158	0.32745	64.713	0.33103
7.7918	66.284	0.32692	64.836	0.33049
7.847	66.243	0.32755	64.796	0.33112
7.9023	66.374	0.32757	64.925	0.33113
7.9576	66.336	0.32741	64.887	0.33097
8.0128	66.385	0.32693	64.936	0.33049
8.0681	66.455	0.32667	65.004	0.33022
8.1233	66.594	0.3272	65.141	0.33074
8.1786	66.616	0.32654	65.162	0.33008
8.2339	66.644	0.32682	65.19	0.33036
8.2891	66.664	0.32665	65.209	0.33018
8.3444	66.743	0.32701	65.287	0.33055
8.3996	66.768	0.32714	65.311	0.33068
8.4549	66.802	0.32681	65.345	0.33034
8.5102	66.863	0.32672	65.404	0.33024
8.5654	66.912	0.32595	65.453	0.32948
8.6207	66.897	0.32676	65.438	0.33028
8.676	66.999	0.32756	65.539	0.33108
8.7312	67.004	0.32759	65.543	0.33111
8.7865	67.011	0.32747	65.551	0.33099
8.8417	67.07	0.32784	65.608	0.33136
8.897	67.094	0.32785	65.632	0.33137
8.9523	67.098	0.32791	65.636	0.33143
9.0075	67.161	0.32806	65.698	0.33157
9.0628	67.148	0.32826	65.686	0.33177
9.118	67.19	0.32738	65.727	0.33089
9.1733	67.229	0.32789	65.765	0.33139
9.2286	67.296	0.32752	65.83	0.33102
9.2838	67.354	0.32676	65.887	0.33026
9.3391	67.351	0.32776	65.885	0.33126
9.3943	67.445	0.32829	65.978	0.33178
9.4496	67.507	0.328	66.038	0.33149
9.5049	67.575	0.32805	66.104	0.33154
9.5601	67.611	0.32717	66.14	0.33066
9.6154	67.635	0.3279	66.163	0.33138
9.6706	67.689	0.32762	66.217	0.3311
9.7259	67.762	0.32712	66.288	0.3306
9.7812	67.748	0.32701	66.274	0.33049
9.8364	67.825	0.32636	66.35	0.32983
9.8917	67.806	0.32654	66.332	0.33001
9.9469	67.853	0.32635	66.377	0.32982
10.002	67.964	0.3258	66.486	0.32927
10.057	67.968	0.32551	66.49	0.32898
10.113	67.983	0.32585	66.505	0.32932
10.168	68.036	0.32559	66.558	0.32906
10.223	68.068	0.32508	66.589	0.32854
10.279	68.128	0.32516	66.648	0.32862
10.334	68.218	0.32502	66.736	0.32848
10.389	68.25	0.32487	66.768	0.32832
10.444	68.298	0.32459	66.814	0.32804
10.5	68.287	0.32438	66.804	0.32783
10.555	68.363	0.3237	66.879	0.32715
10.61	68.428	0.32382	66.942	0.32727
10.665	68.468	0.32404	66.982	0.32749
10.721	68.501	0.32439	67.015	0.32784
10.776	68.565	0.32405	67.076	0.3275
10.831	68.606	0.3234	67.117	0.32685
10.886	68.629	0.32258	67.14	0.32603
10.942	68.696	0.32258	67.205	0.32602
10.997	68.74	0.32255	67.248	0.32599
11.052	68.741	0.32254	67.25	0.32598
11.107	68.856	0.32212	67.363	0.32555
11.163	68.854	0.32231	67.361	0.32575
11.218	68.93	0.3218	67.435	0.32523
11.273	68.976	0.32073	67.48	0.32416
11.328	69.001	0.32112	67.505	0.32455
11.384	69.002	0.32101	67.506	0.32444
11.439	69.025	0.32114	67.529	0.32457
11.494	69.122	0.32164	67.625	0.32507
11.55	69.182	0.32112	67.683	0.32454
11.605	69.21	0.32009	67.71	0.32351
11.66	69.217	0.32033	67.717	0.32375
11.715	69.268	0.32011	67.767	0.32352
11.771	69.312	0.31972	67.81	0.32313
11.826	69.293	0.32023	67.791	0.32364
11.881	69.374	0.31988	67.871	0.32328
11.936	69.379	0.31948	67.876	0.32288
11.992	69.468	0.31863	67.963	0.32203
12.047	69.463	0.31857	67.958	0.32196
12.102	69.439	0.31777	67.934	0.32116
12.157	69.504	0.31833	67.998	0.32172
12.213	69.533	0.31793	68.027	0.32132
12.268	69.532	0.31795	68.026	0.32134
12.323	69.484	0.31769	67.979	0.32107
12.378	69.568	0.31717	68.061	0.32055
12.434	69.56	0.31724	68.053	0.32062
12.489	69.528	0.31707	68.022	0.32045
12.544	69.559	0.31692	68.052	0.3203
12.599	69.567	0.31644	68.06	0.31982
12.655	69.606	0.31698	68.099	0.32036
12.71	69.587	0.31645	68.079	0.31983
12.765	69.527	0.31599	68.021	0.31937
12.821	69.595	0.31673	68.088	0.3201
12.876	69.543	0.31625	68.036	0.31963
12.931	69.557	0.31644	68.05	0.31982
12.986	69.534	0.31594	68.027	0.31931
13.042	69.502	0.31568	67.997	0.31906
13.097	69.5	0.31467	67.994	0.31804
13.152	69.533	0.31462	68.027	0.31799
13.207	69.537	0.31472	68.03	0.31809
13.263	69.497	0.31398	67.991	0.31735
13.318	69.51	0.31405	68.004	0.31742
13.373	69.47	0.31412	67.964	0.31749
13.428	69.444	0.31344	67.938	0.31681
13.484	69.401	0.31314	67.896	0.31651
13.539	69.401	0.31309	67.897	0.31646
13.594	69.402	0.31283	67.897	0.3162
13.649	69.395	0.31284	67.89	0.31621
13.705	69.371	0.3119	67.866	0.31527
13.76	69.361	0.31197	67.857	0.31533
13.815	69.332	0.31173	67.828	0.31509
13.87	69.363	0.31179	67.858	0.31516
13.926	69.371	0.31125	67.866	0.31462
13.981	69.346	0.31094	67.842	0.31431
14.036	69.315	0.31086	67.811	0.31423
14.092	69.275	0.31073	67.772	0.31411
14.147	69.248	0.31085	67.746	0.31422
14.202	69.262	0.31049	67.759	0.31387
14.257	69.249	0.311	67.746	0.31438
14.313	69.208	0.31139	67.707	0.31477
14.368	69.187	0.31151	67.686	0.31489
14.423	69.152	0.31161	67.652	0.315
14.478	69.211	0.3116	67.709	0.31499
14.534	69.169	0.31068	67.668	0.31407
14.589	69.084	0.3107	67.585	0.31409
14.644	69.085	0.31079	67.585	0.31418
14.699	69.129	0.31052	67.628	0.3139
14.755	69.124	0.31042	67.623	0.3138
14.81	68.966	0.30999	67.468	0.31338
14.865	68.908	0.3106	67.411	0.31399
14.92	68.97	0.3113	67.472	0.3147
14.976	68.949	0.3123	67.452	0.3157
15.031	68.913	0.31262	67.417	0.31602
15.086	68.867	0.31153	67.372	0.31493
15.141	68.821	0.31168	67.327	0.31508
15.197	68.797	0.31146	67.303	0.31486
15.252	68.787	0.31076	67.293	0.31416
15.307	68.73	0.31021	67.237	0.31361
15.363	68.67	0.30943	67.178	0.31283
15.418	68.639	0.30995	67.147	0.31336
15.473	68.626	0.3089	67.135	0.3123
15.528	68.595	0.30849	67.103	0.3119
15.584	68.507	0.30864	67.017	0.31204
15.639	68.497	0.30859	67.006	0.31199
15.694	68.46	0.30854	66.971	0.31195
15.749	68.411	0.30827	66.923	0.31168
15.805	68.372	0.30857	66.884	0.31199
15.86	68.333	0.30792	66.845	0.31134
15.915	68.277	0.30815	66.791	0.31156
15.97	68.288	0.3079	66.801	0.31132
16.026	68.256	0.30774	66.77	0.31116
16.081	68.213	0.30791	66.727	0.31133
16.136	68.137	0.30871	66.653	0.31213
16.191	68.115	0.30885	66.632	0.31228
16.247	68.12	0.30847	66.636	0.3119
16.302	68.09	0.30846	66.607	0.31189
16.357	68.046	0.30872	66.563	0.31214
16.412	67.98	0.30847	66.498	0.3119
16.468	67.957	0.3089	66.476	0.31233
16.523	67.918	0.30871	66.437	0.31214
16.578	67.876	0.30826	66.396	0.31169
16.634	67.824	0.30811	66.344	0.31155
16.689	67.779	0.30774	66.301	0.31118
16.744	67.768	0.30739	66.289	0.31082
16.799	67.703	0.3067	66.225	0.31014
16.855	67.639	0.30624	66.162	0.30968
16.91	67.597	0.30686	66.122	0.31031
16.965	67.55	0.30708	66.076	0.31053
17.02	67.554	0.30707	66.078	0.31052
17.076	67.468	0.30722	65.995	0.31067
17.131	67.491	0.30733	66.017	0.31078
17.186	67.471	0.30712	65.997	0.31057
17.241	67.4	0.3067	65.928	0.31015
17.297	67.423	0.30662	65.95	0.31007
17.352	67.352	0.30644	65.881	0.3099
17.407	67.298	0.30614	65.827	0.3096
17.462	67.251	0.30599	65.781	0.30946
17.518	67.24	0.30543	65.77	0.3089
17.573	67.126	0.30531	65.658	0.30878
17.628	67.11	0.30514	65.642	0.3086
17.683	67.055	0.30585	65.589	0.30932
17.739	67.019	0.30584	65.553	0.30931
17.794	66.973	0.30587	65.507	0.30934
17.849	66.99	0.30592	65.524	0.30939
17.905	66.91	0.30556	65.446	0.30904
17.96	66.858	0.30555	65.395	0.30903
18.015	66.775	0.30584	65.313	0.30932
18.07	66.777	0.30582	65.315	0.30931
18.126	66.723	0.30553	65.262	0.30902
18.181	66.645	0.30545	65.185	0.30894
18.236	66.582	0.30581	65.123	0.3093
18.291	66.561	0.30609	65.103	0.30959
18.347	66.492	0.30569	65.034	0.30918
18.402	66.372	0.30631	64.917	0.30981
18.457	66.357	0.30612	64.902	0.30962
18.512	66.337	0.30633	64.883	0.30984
18.568	66.36	0.30618	64.904	0.30968
18.623	66.27	0.30618	64.817	0.30969
18.678	66.214	0.30645	64.762	0.30996
18.733	66.19	0.30639	64.738	0.3099
18.789	66.128	0.30637	64.678	0.30989
18.844	66.084	0.3061	64.634	0.30962
18.899	66.03	0.30586	64.581	0.30938
18.954	65.993	0.30581	64.544	0.30933
19.01	65.962	0.30584	64.513	0.30936
19.065	65.898	0.30513	64.45	0.30865
19.12	65.871	0.30522	64.424	0.30875
19.176	65.805	0.30484	64.359	0.30837
19.231	65.76	0.30515	64.316	0.30868
19.286	65.783	0.30447	64.338	0.30801
19.341	65.739	0.30445	64.294	0.30799
19.397	65.683	0.30431	64.24	0.30785
19.452	65.658	0.3044	64.214	0.30794
19.507	65.59	0.30409	64.148	0.30764
19.562	65.5	0.30412	64.059	0.30767
19.618	65.461	0.30444	64.022	0.30799
19.673	65.432	0.30469	63.992	0.30825
19.728	65.375	0.3052	63.937	0.30876
19.783	65.311	0.30531	63.874	0.30888
19.839	65.316	0.3057	63.879	0.30927
19.894	65.255	0.30537	63.819	0.30894
19.949	65.197	0.3054	63.763	0.30898
20.004	65.21	0.30509	63.775	0.30867
20.06	65.173	0.30501	63.739	0.30859
20.115	65.114	0.30485	63.681	0.30844
20.17	65.128	0.30433	63.694	0.30792
20.225	65.039	0.30459	63.607	0.30818
20.281	64.977	0.30451	63.546	0.30811
20.336	64.999	0.30429	63.567	0.30788
20.391	64.913	0.3039	63.483	0.3075
20.447	64.881	0.30417	63.452	0.30777
20.502	64.841	0.30393	63.412	0.30753
20.557	64.79	0.30291	63.362	0.30651
20.612	64.808	0.3033	63.38	0.30689
20.668	64.741	0.30335	63.314	0.30695
20.723	64.704	0.30373	63.278	0.30733
20.778	64.677	0.30388	63.251	0.30748
20.833	64.689	0.30346	63.262	0.30707
20.889	64.64	0.30376	63.215	0.30736
20.944	64.63	0.30337	63.204	0.30698
20.999	64.571	0.30322	63.146	0.30682
21.054	64.523	0.30362	63.099	0.30723
21.11	64.483	0.304	63.059	0.30761
21.165	64.42	0.30399	62.998	0.30761
21.22	64.385	0.30457	62.963	0.30819
21.275	64.341	0.30459	62.92	0.30821
21.331	64.269	0.30479	62.85	0.30842
21.386	64.251	0.30531	62.832	0.30894
21.441	64.181	0.30614	62.764	0.30978
21.496	64.137	0.30608	62.72	0.30972
21.552	64.124	0.30606	62.707	0.3097
21.607	64.109	0.30595	62.692	0.30959
21.662	64.058	0.30497	62.642	0.30862
21.718	63.963	0.3053	62.549	0.30895
21.773	63.957	0.30581	62.543	0.30947
21.828	63.983	0.30576	62.568	0.30942
