Time	Fascicle Length R1_F1	Pennation Angle R1_F1	Fascicle Length R1_F2	Pennation Angle R1_F2	
0.055261	45.53	0.35414	45.133	0.3574
0.11052	49.082	0.32561	47.78	0.33481
0.16578	49.15	0.32475	47.847	0.33393
0.22104	49.204	0.32456	47.9	0.33373
0.2763	49.213	0.32444	47.91	0.33361
0.33156	49.237	0.3251	47.934	0.33425
0.38683	49.317	0.32441	48.013	0.33355
0.44209	49.338	0.32424	48.035	0.33337
0.49735	49.349	0.32427	48.047	0.33339
0.55261	49.372	0.32403	48.07	0.33314
0.60787	49.402	0.32367	48.1	0.33277
0.66313	49.431	0.32316	48.128	0.33225
0.71839	49.415	0.32268	48.113	0.33176
0.77365	49.45	0.32251	48.148	0.33157
0.82891	49.492	0.32214	48.19	0.3312
0.88417	49.494	0.32185	48.193	0.3309
0.93943	49.515	0.32205	48.215	0.33109
0.99469	49.571	0.32152	48.269	0.33055
1.05	49.63	0.32144	48.328	0.33046
1.1052	49.629	0.32182	48.328	0.33084
1.1605	49.661	0.32137	48.36	0.33038
1.2157	49.706	0.32157	48.404	0.33056
1.271	49.704	0.32101	48.403	0.32999
1.3263	49.677	0.32123	48.378	0.33022
1.3815	49.716	0.32072	48.416	0.32969
1.4368	49.763	0.32031	48.462	0.32928
1.492	49.773	0.32079	48.473	0.32975
1.5473	49.777	0.32076	48.478	0.32971
1.6026	49.821	0.31983	48.521	0.32876
1.6578	49.884	0.31948	48.584	0.3284
1.7131	49.851	0.31964	48.552	0.32857
1.7683	49.928	0.31951	48.628	0.3284
1.8236	49.95	0.31877	48.649	0.32766
1.8789	49.976	0.31864	48.676	0.32752
1.9341	49.979	0.31855	48.68	0.32743
1.9894	50.029	0.31809	48.728	0.32695
2.0447	50.055	0.31763	48.755	0.32648
2.0999	50.078	0.31753	48.778	0.32637
2.1552	50.096	0.31665	48.796	0.32548
2.2104	50.176	0.31589	48.875	0.3247
2.2657	50.193	0.31569	48.893	0.32449
2.321	50.201	0.31566	48.901	0.32446
2.3762	50.284	0.31516	48.982	0.32393
2.4315	50.279	0.3141	48.978	0.32286
2.4867	50.342	0.31412	49.04	0.32286
2.542	50.392	0.31333	49.088	0.32206
2.5973	50.471	0.31303	49.167	0.32173
2.6525	50.463	0.31343	49.159	0.32213
2.7078	50.482	0.31296	49.178	0.32166
2.763	50.514	0.31259	49.21	0.32127
2.8183	50.524	0.31251	49.22	0.32118
2.8736	50.584	0.31209	49.28	0.32074
2.9288	50.625	0.31107	49.32	0.3197
2.9841	50.651	0.31067	49.346	0.31929
3.0393	50.697	0.3105	49.392	0.31909
3.0946	50.755	0.30968	49.449	0.31826
3.1499	50.783	0.30907	49.475	0.31764
3.2051	50.751	0.30915	49.445	0.31772
3.2604	50.746	0.30863	49.439	0.31719
3.3156	50.767	0.30856	49.461	0.31711
3.3709	50.791	0.30737	49.485	0.31591
3.4262	50.812	0.30798	49.506	0.31652
3.4814	50.826	0.30881	49.521	0.31734
3.5367	50.866	0.30832	49.56	0.31685
3.592	50.892	0.30794	49.585	0.31645
3.6472	50.917	0.30732	49.611	0.31583
3.7025	50.985	0.30773	49.678	0.31623
3.7577	50.995	0.30776	49.687	0.31626
3.813	50.995	0.30729	49.688	0.31578
3.8683	51.04	0.30618	49.732	0.31465
3.9235	51.073	0.30628	49.765	0.31473
3.9788	51.108	0.30582	49.8	0.31427
4.034	51.119	0.30622	49.81	0.31466
4.0893	51.136	0.30594	49.828	0.31437
4.1446	51.191	0.30646	49.882	0.31488
4.1998	51.21	0.30536	49.901	0.31377
4.2551	51.22	0.30607	49.912	0.31448
4.3103	51.274	0.30545	49.965	0.31384
4.3656	51.318	0.30577	50.009	0.31415
4.4209	51.312	0.30568	50.003	0.31406
4.4761	51.339	0.30569	50.029	0.31405
4.5314	51.367	0.30479	50.057	0.31314
4.5866	51.366	0.30491	50.056	0.31326
4.6419	51.401	0.30469	50.09	0.31303
4.6972	51.45	0.30418	50.139	0.3125
4.7524	51.456	0.30442	50.145	0.31274
4.8077	51.534	0.3037	50.221	0.312
4.863	51.547	0.30308	50.234	0.31136
4.9182	51.587	0.30265	50.274	0.31092
4.9735	51.581	0.30215	50.268	0.31041
5.0287	51.639	0.30276	50.326	0.31102
5.084	51.646	0.30293	50.333	0.31119
5.1393	51.663	0.30321	50.349	0.31146
5.1945	51.707	0.30253	50.393	0.31077
5.2498	51.733	0.30206	50.418	0.31027
5.305	51.758	0.30207	50.443	0.31027
5.3603	51.818	0.30127	50.502	0.30946
5.4156	51.855	0.30175	50.539	0.30993
5.4708	51.908	0.30155	50.591	0.30971
5.5261	51.884	0.30191	50.567	0.31007
5.5813	51.905	0.30151	50.588	0.30965
5.6366	51.956	0.30086	50.638	0.30899
5.6919	51.947	0.30128	50.629	0.3094
5.7471	51.935	0.30249	50.617	0.31061
5.8024	52.002	0.30221	50.683	0.31032
5.8576	52.019	0.30263	50.701	0.31072
5.9129	52.059	0.30237	50.74	0.31045
5.9682	52.07	0.30219	50.751	0.31027
6.0234	52.118	0.30229	50.798	0.31036
6.0787	52.158	0.30176	50.837	0.30982
6.134	52.134	0.30261	50.814	0.31066
6.1892	52.21	0.30185	50.889	0.30989
6.2445	52.227	0.30164	50.905	0.30967
6.2997	52.292	0.3008	50.969	0.30882
6.355	52.29	0.30168	50.968	0.3097
6.4103	52.324	0.30139	51.001	0.30939
6.4655	52.383	0.30078	51.059	0.30876
6.5208	52.42	0.30072	51.095	0.3087
6.576	52.373	0.30061	51.049	0.30858
6.6313	52.419	0.30057	51.095	0.30853
6.6866	52.446	0.30046	51.121	0.30841
6.7418	52.468	0.3006	51.143	0.30854
6.7971	52.5	0.2995	51.174	0.30744
6.8523	52.469	0.30045	51.144	0.30838
6.9076	52.504	0.30086	51.18	0.30878
6.9629	52.561	0.30019	51.236	0.3081
7.0181	52.563	0.30041	51.238	0.30831
7.0734	52.671	0.29953	51.344	0.3074
7.1286	52.712	0.29984	51.384	0.30771
7.1839	52.76	0.29906	51.432	0.30691
7.2392	52.748	0.29996	51.42	0.30782
7.2944	52.786	0.30001	51.458	0.30786
7.3497	52.821	0.29962	51.492	0.30746
7.405	52.873	0.29971	51.543	0.30753
7.4602	52.843	0.29891	51.514	0.30674
7.5155	52.919	0.29929	51.589	0.3071
7.5707	52.924	0.30028	51.594	0.3081
7.626	52.996	0.30056	51.666	0.30836
7.6813	53.014	0.29988	51.683	0.30767
7.7365	53.105	0.29988	51.773	0.30765
7.7918	53.164	0.29989	51.831	0.30765
7.847	53.146	0.30051	51.813	0.30826
7.9023	53.14	0.30141	51.807	0.30916
7.9576	53.242	0.29937	51.907	0.3071
8.0128	53.233	0.29962	51.899	0.30734
8.0681	53.293	0.29967	51.958	0.30738
8.1233	53.353	0.29868	52.017	0.30638
8.1786	53.396	0.2989	52.06	0.30658
8.2339	53.457	0.29852	52.12	0.30619
8.2891	53.49	0.29817	52.153	0.30582
8.3444	53.513	0.29812	52.175	0.30576
8.3996	53.526	0.29812	52.188	0.30576
8.4549	53.571	0.29825	52.232	0.30588
8.5102	53.541	0.29851	52.204	0.30614
8.5654	53.69	0.2972	52.349	0.30479
8.6207	53.711	0.29618	52.37	0.30377
8.676	53.714	0.29696	52.373	0.30454
8.7312	53.743	0.29713	52.402	0.3047
8.7865	53.823	0.2962	52.48	0.30375
8.8417	53.867	0.29533	52.524	0.30287
8.897	53.903	0.29519	52.559	0.30271
8.9523	53.954	0.29578	52.61	0.30329
9.0075	54.004	0.29523	52.659	0.30273
9.0628	54.047	0.29464	52.702	0.30212
9.118	54.074	0.29446	52.728	0.30193
9.1733	54.124	0.29431	52.777	0.30177
9.2286	54.168	0.29359	52.82	0.30104
9.2838	54.189	0.29362	52.841	0.30106
9.3391	54.194	0.29338	52.847	0.30082
9.3943	54.173	0.29354	52.826	0.30098
9.4496	54.251	0.29362	52.903	0.30104
9.5049	54.311	0.2922	52.962	0.2996
9.5601	54.307	0.29302	52.958	0.30042
9.6154	54.327	0.29279	52.978	0.30019
9.6706	54.306	0.29415	52.957	0.30155
9.7259	54.25	0.29515	52.902	0.30256
9.7812	54.322	0.29531	52.973	0.3027
9.8364	54.3	0.29628	52.951	0.30367
9.8917	54.329	0.29665	52.98	0.30404
9.9469	54.329	0.29704	52.981	0.30442
10.002	54.352	0.29726	53.003	0.30464
10.057	54.455	0.29762	53.105	0.30498
10.113	54.467	0.29713	53.116	0.30449
10.168	54.518	0.29848	53.167	0.30582
10.223	54.521	0.29722	53.17	0.30456
10.279	54.536	0.29701	53.184	0.30434
10.334	54.614	0.29672	53.261	0.30404
10.389	54.636	0.29627	53.283	0.30357
10.444	54.679	0.29558	53.325	0.30287
10.5	54.759	0.29491	53.403	0.30219
10.555	54.75	0.29527	53.395	0.30255
10.61	54.771	0.29585	53.416	0.30313
10.665	54.763	0.29589	53.408	0.30316
10.721	54.849	0.29451	53.492	0.30176
10.776	54.865	0.29465	53.508	0.3019
10.831	54.871	0.29582	53.514	0.30307
10.886	54.944	0.29558	53.586	0.30281
10.942	54.999	0.29562	53.64	0.30284
10.997	55.019	0.29482	53.661	0.30203
11.052	55.008	0.29533	53.649	0.30254
11.107	55.007	0.29562	53.649	0.30283
11.163	55.04	0.29444	53.681	0.30163
11.218	55.071	0.29397	53.712	0.30116
11.273	55.065	0.29476	53.706	0.30194
11.328	55.083	0.29426	53.724	0.30144
11.384	55.103	0.29492	53.744	0.3021
11.439	55.119	0.29459	53.76	0.30177
11.494	55.17	0.29521	53.81	0.30237
11.55	55.175	0.29369	53.814	0.30085
11.605	55.287	0.29375	53.924	0.30089
11.66	55.321	0.29294	53.958	0.30006
11.715	55.335	0.29346	53.972	0.30058
11.771	55.4	0.29372	54.036	0.30083
11.826	55.398	0.29359	54.034	0.3007
11.881	55.365	0.29347	54.002	0.30059
11.936	55.439	0.29393	54.074	0.30102
11.992	55.463	0.29358	54.098	0.30067
12.047	55.443	0.29378	54.078	0.30087
12.102	55.485	0.29378	54.12	0.30086
12.157	55.449	0.29443	54.084	0.30152
12.213	55.493	0.29403	54.128	0.3011
12.268	55.496	0.29401	54.131	0.30109
12.323	55.486	0.29505	54.121	0.30212
12.378	55.482	0.29503	54.118	0.3021
12.434	55.514	0.29426	54.149	0.30132
12.489	55.511	0.29392	54.146	0.30097
12.544	55.501	0.29417	54.136	0.30122
12.599	55.646	0.29395	54.278	0.30098
12.655	55.69	0.29297	54.322	0.3
12.71	55.672	0.29357	54.305	0.3006
12.765	55.796	0.29312	54.427	0.30012
12.821	55.874	0.29306	54.504	0.30005
12.876	55.866	0.29373	54.496	0.30072
12.931	55.884	0.29399	54.514	0.30097
12.986	55.916	0.29399	54.546	0.30097
13.042	55.982	0.29342	54.61	0.30039
13.097	55.965	0.29386	54.594	0.30083
13.152	55.985	0.29432	54.614	0.30128
13.207	56.054	0.29396	54.682	0.30091
13.263	56.141	0.29245	54.767	0.29938
13.318	56.174	0.2921	54.8	0.29902
13.373	56.214	0.29225	54.839	0.29917
13.428	56.258	0.29223	54.882	0.29914
13.484	56.291	0.29168	54.914	0.29858
13.539	56.253	0.29291	54.878	0.29983
13.594	56.299	0.2923	54.923	0.2992
13.649	56.35	0.29221	54.973	0.2991
13.705	56.349	0.29297	54.973	0.29987
13.76	56.454	0.29213	55.076	0.29902
13.815	56.45	0.29269	55.072	0.29957
13.87	56.497	0.29254	55.119	0.29941
13.926	56.535	0.29262	55.156	0.29948
13.981	56.557	0.29238	55.178	0.29924
14.036	56.561	0.29203	55.182	0.29889
14.092	56.491	0.29252	55.114	0.29938
14.147	56.531	0.29203	55.153	0.29888
14.202	56.576	0.29154	55.197	0.29839
14.257	56.539	0.29129	55.161	0.29814
14.313	56.57	0.29098	55.192	0.29782
14.368	56.605	0.2912	55.226	0.29804
14.423	56.59	0.2915	55.212	0.29835
14.478	56.636	0.29061	55.256	0.29745
14.534	56.674	0.29103	55.294	0.29787
14.589	56.724	0.29084	55.343	0.29767
14.644	56.735	0.28978	55.354	0.29661
14.699	56.747	0.2899	55.366	0.29672
14.755	56.777	0.28887	55.395	0.29569
14.81	56.693	0.2892	55.313	0.29604
14.865	56.712	0.28957	55.331	0.29641
14.92	56.757	0.28957	55.377	0.2964
14.976	56.692	0.2898	55.313	0.29663
15.031	56.713	0.28785	55.332	0.29468
15.086	56.785	0.28793	55.404	0.29475
15.141	56.771	0.2875	55.39	0.29433
15.197	56.756	0.28729	55.375	0.29412
15.252	56.775	0.28752	55.394	0.29435
15.307	56.844	0.28686	55.461	0.29367
15.363	56.849	0.28751	55.467	0.29432
15.418	56.887	0.28778	55.505	0.29458
15.473	56.968	0.28632	55.583	0.29311
15.528	56.974	0.28642	55.59	0.29321
15.584	56.941	0.28643	55.558	0.29322
15.639	56.982	0.28687	55.598	0.29367
15.694	57.06	0.28685	55.674	0.29363
15.749	56.992	0.2859	55.608	0.29269
15.805	57.075	0.28712	55.69	0.2939
15.86	57.077	0.28559	55.691	0.29237
15.915	57.128	0.28602	55.742	0.29279
15.97	57.177	0.28448	55.79	0.29123
16.026	57.178	0.28526	55.791	0.29201
16.081	57.293	0.28485	55.904	0.29159
16.136	57.291	0.28389	55.902	0.29062
16.191	57.311	0.28407	55.922	0.2908
16.247	57.372	0.28401	55.982	0.29073
16.302	57.399	0.28235	56.008	0.28907
16.357	57.503	0.28296	56.11	0.28966
16.412	57.49	0.28211	56.097	0.2888
16.468	57.52	0.28275	56.127	0.28944
16.523	57.489	0.283	56.097	0.2897
16.578	57.53	0.28316	56.137	0.28984
16.634	57.621	0.28189	56.227	0.28855
16.689	57.603	0.28178	56.208	0.28844
16.744	57.644	0.2806	56.249	0.28725
16.799	57.703	0.28085	56.307	0.28749
16.855	57.727	0.28105	56.33	0.28769
16.91	57.718	0.28196	56.322	0.2886
16.965	57.798	0.28094	56.4	0.28757
17.02	57.759	0.28261	56.363	0.28925
17.076	57.784	0.28141	56.387	0.28804
17.131	57.87	0.28199	56.471	0.28861
17.186	57.877	0.28223	56.478	0.28885
17.241	57.795	0.28278	56.398	0.28941
17.297	57.896	0.2824	56.497	0.28902
17.352	58.011	0.28254	56.61	0.28915
17.407	57.924	0.28242	56.526	0.28904
17.462	57.954	0.28342	56.555	0.29004
17.518	58.014	0.28277	56.614	0.28937
17.573	58.101	0.28316	56.699	0.28975
17.628	58.084	0.28347	56.682	0.29007
17.683	58.049	0.28461	56.649	0.29121
17.739	58.151	0.28426	56.749	0.29085
17.794	58.169	0.28404	56.766	0.29062
17.849	58.142	0.2844	56.74	0.29099
17.905	58.118	0.28484	56.717	0.29143
17.96	58.165	0.2852	56.763	0.29179
18.015	58.194	0.28459	56.791	0.29117
18.07	58.176	0.28535	56.774	0.29193
18.126	58.216	0.28513	56.813	0.29171
18.181	58.257	0.28583	56.854	0.29241
18.236	58.308	0.28669	56.905	0.29326
18.291	58.197	0.28663	56.796	0.2932
18.347	58.268	0.28757	56.865	0.29414
18.402	58.324	0.28654	56.92	0.29311
18.457	58.278	0.28733	56.875	0.2939
18.512	58.278	0.28765	56.876	0.29421
18.568	58.307	0.28785	56.904	0.29441
18.623	58.321	0.28796	56.918	0.29452
18.678	58.35	0.28766	56.946	0.29422
18.733	58.398	0.28809	56.994	0.29464
18.789	58.415	0.28809	57.011	0.29465
18.844	58.409	0.28895	57.006	0.2955
18.899	58.445	0.28949	57.041	0.29604
18.954	58.481	0.28945	57.076	0.296
19.01	58.458	0.28957	57.054	0.29611
19.065	58.467	0.28973	57.062	0.29627
19.12	58.536	0.2894	57.13	0.29593
19.176	58.58	0.28991	57.173	0.29643
19.231	58.521	0.28987	57.116	0.2964
19.286	58.579	0.29086	57.173	0.29738
19.341	58.649	0.28987	57.241	0.29638
19.397	58.587	0.29051	57.181	0.29702
19.452	58.656	0.29002	57.248	0.29652
19.507	58.702	0.28946	57.293	0.29597
19.562	58.592	0.29077	57.186	0.29728
19.618	58.681	0.28995	57.273	0.29645
19.673	58.775	0.28994	57.365	0.29643
19.728	58.719	0.29093	57.31	0.29743
19.783	58.755	0.29168	57.346	0.29818
19.839	58.82	0.2925	57.411	0.29899
19.894	58.848	0.29231	57.439	0.2988
19.949	58.784	0.29304	57.376	0.29954
20.004	58.848	0.29328	57.439	0.29978
20.06	58.87	0.29309	57.461	0.29958
20.115	58.823	0.2943	57.415	0.30079
20.17	58.795	0.29563	57.387	0.30212
20.225	58.84	0.29533	57.432	0.30182
20.281	58.842	0.2956	57.434	0.30209
20.336	58.78	0.29733	57.374	0.30383
20.391	58.846	0.29555	57.438	0.30205
20.447	58.891	0.29573	57.483	0.30223
20.502	58.884	0.29587	57.476	0.30238
20.557	58.842	0.29602	57.435	0.30253
20.612	58.829	0.29544	57.421	0.30196
20.668	58.792	0.29527	57.385	0.30179
20.723	58.787	0.2958	57.381	0.30232
20.778	58.78	0.29472	57.374	0.30124
20.833	58.816	0.29481	57.409	0.30132
20.889	58.845	0.29506	57.437	0.30157
20.944	58.856	0.29491	57.448	0.30142
20.999	58.875	0.29462	57.467	0.30112
21.054	58.849	0.29444	57.441	0.30095
21.11	58.875	0.29401	57.467	0.30052
21.165	58.887	0.29399	57.478	0.3005
21.22	58.902	0.2938	57.494	0.30031
21.275	58.926	0.29288	57.517	0.29938
21.331	58.918	0.29358	57.51	0.30008
21.386	58.953	0.29212	57.543	0.29861
21.441	58.869	0.29285	57.462	0.29936
21.496	58.972	0.2921	57.562	0.29859
21.552	58.955	0.29178	57.546	0.29828
21.607	58.942	0.29135	57.533	0.29784
21.662	58.961	0.29064	57.551	0.29713
21.718	58.971	0.28964	57.56	0.29613
21.773	58.88	0.28996	57.471	0.29646
21.828	58.957	0.28937	57.547	0.29586
21.883	58.913	0.2895	57.503	0.296
