Time	Fascicle Length R1_F1	Pennation Angle R1_F1	Fascicle Length R1_F2	Pennation Angle R1_F2	
0.055261	64.62	0.077149	61.192	0.071061
0.11052	64.707	0.076466	61.272	0.07038
0.16578	64.66	0.076945	61.228	0.070859
0.22104	64.767	0.075837	61.329	0.069764
0.2763	64.789	0.075396	61.349	0.069326
0.33156	64.888	0.075989	61.442	0.069936
0.38683	64.867	0.075955	61.421	0.069911
0.44209	64.969	0.075023	61.517	0.068994
0.49735	65.019	0.074559	61.564	0.068531
0.55261	65.007	0.073999	61.552	0.067974
0.60787	65.057	0.074192	61.599	0.068168
0.66313	65.085	0.074132	61.624	0.068113
0.71839	65.132	0.074059	61.669	0.068052
0.77365	65.146	0.074376	61.681	0.068372
0.82891	65.129	0.074021	61.664	0.068021
0.88417	65.172	0.073444	61.704	0.06745
0.93943	65.219	0.073129	61.748	0.067138
0.99469	65.206	0.073018	61.734	0.067034
1.05	65.304	0.072433	61.826	0.066465
1.1052	65.358	0.071791	61.877	0.065829
1.1605	65.429	0.071033	61.943	0.065083
1.2157	65.432	0.070966	61.945	0.065023
1.271	65.515	0.070221	62.024	0.064286
1.3263	65.493	0.07003	62.001	0.064096
1.3815	65.537	0.070052	62.042	0.064122
1.4368	65.619	0.06998	62.119	0.064055
1.492	65.634	0.069509	62.132	0.06359
1.5473	65.687	0.069395	62.181	0.063482
1.6026	65.716	0.069354	62.209	0.063448
1.6578	65.725	0.069187	62.217	0.063284
1.7131	65.775	0.069179	62.264	0.063289
1.7683	65.779	0.06927	62.267	0.063384
1.8236	65.84	0.068946	62.323	0.06307
1.8789	65.918	0.068646	62.397	0.062783
1.9341	65.94	0.068369	62.417	0.06251
1.9894	65.983	0.068341	62.457	0.06249
2.0447	65.972	0.068532	62.446	0.062685
2.0999	66.03	0.06759	62.502	0.061745
2.1552	66.003	0.068022	62.475	0.06217
2.2104	66.079	0.067842	62.546	0.062
2.2657	66.108	0.067501	62.573	0.061657
2.321	66.16	0.067286	62.621	0.061444
2.3762	66.209	0.067064	62.667	0.061228
2.4315	66.264	0.067075	62.718	0.061247
2.4867	66.284	0.066892	62.736	0.061073
2.542	66.323	0.066501	62.773	0.060684
2.5973	66.428	0.066113	62.871	0.0603
2.6525	66.42	0.066216	62.863	0.060396
2.7078	66.53	0.066045	62.965	0.060235
2.763	66.539	0.065824	62.973	0.060015
2.8183	66.6	0.065165	63.031	0.059358
2.8736	66.7	0.065695	63.124	0.059891
2.9288	66.74	0.065978	63.161	0.060183
2.9841	66.752	0.065677	63.171	0.059886
3.0393	66.807	0.065548	63.223	0.059767
3.0946	66.866	0.065232	63.278	0.059456
3.1499	66.943	0.064932	63.351	0.059161
3.2051	67.007	0.064619	63.41	0.058858
3.2604	66.999	0.064856	63.402	0.05909
3.3156	67.065	0.065108	63.463	0.059354
3.3709	67.125	0.064656	63.519	0.058907
3.4262	67.107	0.064741	63.501	0.058992
3.4814	67.199	0.063821	63.588	0.058082
3.5367	67.238	0.062742	63.625	0.057004
3.592	67.28	0.062177	63.664	0.056441
3.6472	67.333	0.061969	63.713	0.056237
3.7025	67.301	0.061915	63.682	0.056184
3.7577	67.319	0.061633	63.699	0.055895
3.813	67.376	0.061867	63.753	0.056133
3.8683	67.362	0.061441	63.738	0.055708
3.9235	67.428	0.061272	63.8	0.055548
3.9788	67.523	0.061439	63.889	0.055712
4.034	67.584	0.063194	63.945	0.057452
4.0893	67.576	0.064324	63.936	0.058578
4.1446	67.641	0.064085	63.998	0.058351
4.1998	67.705	0.063492	64.057	0.057772
4.2551	67.76	0.06298	64.109	0.057281
4.3103	67.685	0.062354	64.039	0.056669
4.3656	67.746	0.061136	64.097	0.055468
4.4209	67.776	0.060342	64.125	0.054681
4.4761	67.762	0.059788	64.111	0.054132
4.5314	67.771	0.059866	64.119	0.054217
4.5866	67.833	0.05934	64.177	0.053701
4.6419	67.857	0.059029	64.199	0.053391
4.6972	67.842	0.058678	64.184	0.053042
4.7524	67.871	0.058763	64.211	0.053131
4.8077	67.864	0.058756	64.205	0.053133
4.863	67.902	0.058391	64.24	0.052775
4.9182	67.866	0.0574	64.207	0.051777
4.9735	67.883	0.058538	64.222	0.052914
5.0287	67.944	0.059126	64.279	0.053517
5.084	68.104	0.058469	64.43	0.052883
5.1393	68.104	0.05863	64.43	0.053041
5.1945	68.052	0.058479	64.381	0.052892
5.2498	68.092	0.059261	64.418	0.053675
5.305	68.144	0.059398	64.467	0.053822
5.3603	68.183	0.060037	64.503	0.054469
5.4156	68.204	0.060201	64.523	0.054634
5.4708	68.171	0.060662	64.491	0.055087
5.5261	68.258	0.060451	64.573	0.054875
5.5813	68.243	0.060442	64.558	0.054859
5.6366	68.303	0.060902	64.614	0.055316
5.6919	68.304	0.06108	64.615	0.055496
5.7471	68.332	0.06116	64.64	0.055579
5.8024	68.377	0.061083	64.682	0.055507
5.8576	68.374	0.060499	64.679	0.05492
5.9129	68.407	0.060864	64.71	0.055287
5.9682	68.448	0.0607	64.747	0.055131
6.0234	68.447	0.060674	64.746	0.055097
6.0787	68.518	0.060941	64.813	0.055367
6.134	68.509	0.060654	64.804	0.05508
6.1892	68.522	0.061321	64.816	0.055741
6.2445	68.6	0.061279	64.889	0.055702
6.2997	68.581	0.060969	64.871	0.055397
6.355	68.615	0.060991	64.902	0.055414
6.4103	68.623	0.061465	64.909	0.055887
6.4655	68.69	0.061808	64.973	0.056231
6.5208	68.664	0.063037	64.947	0.057458
6.576	68.717	0.063017	64.998	0.057451
6.6313	68.67	0.063148	64.952	0.057581
6.6866	68.761	0.063019	65.038	0.057456
6.7418	68.77	0.063232	65.046	0.057666
6.7971	68.871	0.063327	65.141	0.057769
6.8523	68.833	0.063917	65.105	0.058354
6.9076	68.896	0.064723	65.164	0.059163
6.9629	68.983	0.065069	65.245	0.059515
7.0181	68.963	0.064692	65.226	0.05914
7.0734	69.019	0.064758	65.278	0.059215
7.1286	69.057	0.064154	65.314	0.058617
7.1839	69.11	0.064568	65.364	0.059035
7.2392	69.097	0.064391	65.352	0.058856
7.2944	69.153	0.064783	65.404	0.059252
7.3497	69.188	0.064913	65.436	0.059386
7.405	69.238	0.064458	65.484	0.05894
7.4602	69.292	0.064381	65.535	0.058869
7.5155	69.289	0.064496	65.532	0.058986
7.5707	69.32	0.063647	65.561	0.058139
7.626	69.376	0.063841	65.613	0.058335
7.6813	69.416	0.063345	65.651	0.057843
7.7365	69.425	0.063124	65.659	0.057618
7.7918	69.528	0.064041	65.755	0.058547
7.847	69.553	0.064304	65.779	0.058817
7.9023	69.563	0.063758	65.789	0.05828
7.9576	69.568	0.063547	65.793	0.058064
8.0128	69.648	0.062937	65.868	0.057451
8.0681	69.591	0.063363	65.814	0.05787
8.1233	69.69	0.06311	65.907	0.057622
8.1786	69.764	0.063334	65.976	0.057852
8.2339	69.728	0.063974	65.941	0.058474
8.2891	69.75	0.065284	65.962	0.059783
8.3444	69.796	0.063853	66.005	0.058365
8.3996	69.872	0.063352	66.077	0.057866
8.4549	69.859	0.063222	66.064	0.057739
8.5102	69.903	0.062371	66.106	0.056888
8.5654	69.94	0.062097	66.14	0.056621
8.6207	69.964	0.06179	66.163	0.056313
8.676	70.033	0.061878	66.228	0.056415
8.7312	70.047	0.060589	66.241	0.055118
8.7865	70.076	0.060809	66.268	0.05534
8.8417	70.142	0.060124	66.329	0.054666
8.897	70.199	0.060276	66.383	0.054822
8.9523	70.144	0.060092	66.33	0.054633
9.0075	70.245	0.059795	66.426	0.054355
9.0628	70.316	0.059603	66.493	0.05416
9.118	70.295	0.059395	66.472	0.053953
9.1733	70.336	0.058715	66.511	0.053275
9.2286	70.366	0.058727	66.539	0.053285
9.2838	70.408	0.059239	66.578	0.053805
9.3391	70.43	0.059349	66.599	0.053916
9.3943	70.503	0.059107	66.667	0.053681
9.4496	70.526	0.058991	66.689	0.053571
9.5049	70.571	0.059177	66.731	0.05376
9.5601	70.588	0.058127	66.747	0.05271
9.6154	70.627	0.05835	66.783	0.052928
9.6706	70.616	0.058561	66.773	0.053131
9.7259	70.693	0.058906	66.845	0.053477
9.7812	70.688	0.058907	66.84	0.053486
9.8364	70.734	0.058727	66.883	0.053312
9.8917	70.731	0.058124	66.88	0.052707
9.9469	70.833	0.058166	66.975	0.052755
10.002	70.887	0.05776	67.027	0.052352
10.057	70.903	0.058103	67.042	0.052686
10.113	70.876	0.05912	67.016	0.053703
10.168	70.889	0.059571	67.027	0.054149
10.223	70.888	0.059159	67.027	0.053736
10.279	70.955	0.058622	67.09	0.053208
10.334	71.02	0.060227	67.151	0.054818
10.389	70.992	0.059659	67.124	0.054252
10.444	71.044	0.060037	67.174	0.05463
10.5	71.012	0.06121	67.143	0.055799
10.555	71.04	0.062472	67.169	0.057058
10.61	71.03	0.063029	67.159	0.057619
10.665	71.046	0.063846	67.174	0.058444
10.721	71.076	0.063597	67.202	0.058202
10.776	71.103	0.063418	67.228	0.058026
10.831	71.18	0.063723	67.301	0.058338
10.886	71.138	0.063545	67.26	0.05816
10.942	71.121	0.064055	67.245	0.058659
10.997	71.181	0.064772	67.301	0.059379
11.052	71.244	0.065298	67.361	0.059911
11.107	71.233	0.065585	67.35	0.060194
11.163	71.25	0.066638	67.366	0.061248
11.218	71.229	0.066328	67.346	0.060945
11.273	71.318	0.066163	67.43	0.060785
11.328	71.347	0.065908	67.457	0.06053
11.384	71.295	0.065885	67.408	0.0605
11.439	71.439	0.066018	67.543	0.06065
11.494	71.418	0.066426	67.524	0.061057
11.55	71.478	0.065638	67.58	0.060277
11.605	71.52	0.06485	67.619	0.059498
11.66	71.6	0.064497	67.694	0.059149
11.715	71.589	0.064941	67.684	0.059589
11.771	71.626	0.065136	67.718	0.059787
11.826	71.693	0.065305	67.781	0.05996
11.881	71.726	0.065953	67.812	0.060611
11.936	71.625	0.066356	67.715	0.061011
11.992	71.802	0.06543	67.882	0.060103
12.047	71.815	0.066126	67.894	0.060798
12.102	71.886	0.064333	67.961	0.059008
12.157	71.856	0.064954	67.932	0.059617
12.213	71.936	0.06495	68.006	0.059622
12.268	71.918	0.064886	67.989	0.059557
12.323	72.047	0.065109	68.111	0.059793
12.378	71.969	0.065438	68.037	0.060118
12.434	72.077	0.064857	68.139	0.059548
12.489	72.018	0.065357	68.083	0.060039
12.544	72.042	0.065207	68.106	0.05989
12.599	72.109	0.065309	68.168	0.059998
12.655	72.078	0.065469	68.138	0.060156
12.71	72.12	0.065568	68.178	0.060262
12.765	72.157	0.065649	68.212	0.060344
12.821	72.201	0.065235	68.253	0.059934
12.876	72.219	0.066343	68.27	0.061042
12.931	72.194	0.066549	68.247	0.061251
12.986	72.269	0.065943	68.317	0.060649
13.042	72.283	0.066275	68.33	0.060979
13.097	72.323	0.06641	68.367	0.061116
13.152	72.19	0.066447	68.242	0.061143
13.207	72.29	0.066982	68.336	0.061683
13.263	72.332	0.067379	68.375	0.062082
13.318	72.301	0.067112	68.345	0.061816
13.373	72.378	0.067438	68.418	0.062146
13.428	72.454	0.068159	68.489	0.062869
13.484	72.388	0.068628	68.427	0.063333
13.539	72.481	0.068433	68.514	0.063143
13.594	72.539	0.069399	68.569	0.064112
13.649	72.546	0.070243	68.575	0.064958
13.705	72.596	0.069976	68.623	0.064694
13.76	72.559	0.071224	68.587	0.065938
13.815	72.563	0.07053	68.591	0.065243
13.87	72.625	0.07177	68.649	0.066484
13.926	72.65	0.071431	68.673	0.066147
13.981	72.75	0.071558	68.767	0.06628
14.036	72.724	0.072061	68.742	0.066781
14.092	72.772	0.071591	68.787	0.066315
14.147	72.789	0.072338	68.803	0.06706
14.202	72.79	0.073017	68.804	0.067736
14.257	72.845	0.072858	68.855	0.067579
14.313	72.835	0.07376	68.846	0.06848
14.368	72.875	0.074113	68.883	0.068833
14.423	72.907	0.074282	68.913	0.069001
14.478	72.962	0.074886	68.965	0.069608
14.534	72.934	0.076028	68.938	0.070745
14.589	73.036	0.075626	69.034	0.070353
14.644	72.955	0.076233	68.957	0.070953
14.699	73.019	0.076534	69.018	0.071259
14.755	73.036	0.076177	69.033	0.070905
14.81	73.049	0.076255	69.046	0.070984
14.865	73.087	0.076887	69.081	0.071621
14.92	73.167	0.07622	69.157	0.070968
14.976	73.163	0.076514	69.153	0.071264
15.031	73.231	0.076241	69.217	0.070996
15.086	73.215	0.07631	69.201	0.071063
15.141	73.268	0.076218	69.251	0.070972
15.197	73.297	0.075877	69.279	0.07063
15.252	73.322	0.076081	69.302	0.070831
15.307	73.309	0.076244	69.29	0.07099
15.363	73.365	0.076514	69.342	0.071264
15.418	73.379	0.07669	69.355	0.071441
15.473	73.431	0.076482	69.404	0.071232
15.528	73.453	0.076224	69.425	0.070971
15.584	73.454	0.076141	69.425	0.070889
15.639	73.461	0.076264	69.432	0.071013
15.694	73.494	0.076669	69.463	0.07142
15.749	73.486	0.076217	69.455	0.070969
15.805	73.483	0.075887	69.452	0.070637
15.86	73.524	0.074556	69.491	0.069307
15.915	73.52	0.07634	69.488	0.071084
15.97	73.572	0.075442	69.536	0.070194
16.026	73.551	0.07561	69.515	0.070361
16.081	73.566	0.076153	69.53	0.070903
16.136	73.644	0.076371	69.603	0.071126
16.191	73.628	0.075957	69.588	0.070715
16.247	73.585	0.076202	69.547	0.070953
16.302	73.63	0.076249	69.589	0.070998
16.357	73.625	0.076555	69.585	0.071302
16.412	73.631	0.077404	69.59	0.072146
16.468	73.687	0.077404	69.642	0.072152
16.523	73.735	0.077981	69.687	0.072732
16.578	73.7	0.078321	69.654	0.073068
16.634	73.709	0.07836	69.663	0.073108
16.689	73.744	0.078508	69.696	0.073257
16.744	73.758	0.078619	69.709	0.073366
16.799	73.743	0.079212	69.695	0.073957
16.855	73.751	0.079258	69.702	0.074003
16.91	73.787	0.080643	69.736	0.075389
16.965	73.796	0.080671	69.744	0.075417
17.02	73.809	0.080333	69.756	0.075082
17.076	73.857	0.080322	69.802	0.075072
17.131	73.855	0.080749	69.799	0.075496
17.186	73.81	0.08035	69.757	0.075084
17.241	73.916	0.081229	69.857	0.075973
17.297	73.897	0.080891	69.838	0.075632
17.352	73.899	0.081898	69.84	0.076638
17.407	73.877	0.081281	69.82	0.076015
17.462	73.9	0.082143	69.841	0.076877
17.518	73.883	0.082419	69.825	0.07715
17.573	73.901	0.08237	69.841	0.077101
17.628	73.922	0.083145	69.862	0.077879
17.683	73.874	0.083712	69.816	0.078436
17.739	73.867	0.084578	69.81	0.079302
17.794	73.902	0.08569	69.841	0.080422
17.849	73.874	0.085838	69.816	0.080564
17.905	73.971	0.086258	69.906	0.080998
17.96	73.93	0.085732	69.868	0.080461
18.015	73.855	0.086677	69.797	0.08139
18.07	73.923	0.087255	69.861	0.081969
18.126	73.892	0.0874	69.831	0.082112
18.181	73.963	0.087588	69.898	0.08232
18.236	73.907	0.087611	69.845	0.082332
18.291	73.986	0.088093	69.92	0.082826
18.347	73.933	0.088527	69.869	0.083254
18.402	73.887	0.088485	69.827	0.083203
18.457	73.923	0.089559	69.86	0.084278
18.512	73.961	0.08995	69.895	0.084667
18.568	73.924	0.089951	69.86	0.084668
18.623	73.96	0.09105	69.894	0.085771
18.678	73.964	0.091182	69.898	0.085904
18.733	73.913	0.091628	69.849	0.086343
18.789	73.931	0.092156	69.867	0.08687
18.844	73.899	0.092799	69.836	0.087503
18.899	73.935	0.092789	69.869	0.087499
18.954	73.916	0.093779	69.851	0.088487
19.01	73.896	0.094097	69.833	0.088805
19.065	73.889	0.093881	69.826	0.088588
19.12	73.91	0.094731	69.845	0.089436
19.176	73.842	0.094582	69.782	0.089283
19.231	73.863	0.095429	69.801	0.090122
19.286	73.877	0.095953	69.814	0.090645
19.341	73.869	0.096113	69.807	0.090797
19.397	73.837	0.097349	69.776	0.092026
19.452	73.835	0.097634	69.774	0.092306
19.507	73.834	0.098448	69.773	0.093116
19.562	73.72	0.099487	69.665	0.094144
19.618	73.824	0.098709	69.764	0.09337
19.673	73.76	0.09866	69.703	0.093318
19.728	73.797	0.099188	69.737	0.093848
19.783	73.836	0.098728	69.774	0.093396
19.839	73.848	0.098846	69.785	0.093515
19.894	73.865	0.098864	69.801	0.093531
19.949	73.863	0.099095	69.799	0.093762
20.004	73.782	0.099087	69.723	0.09374
20.06	73.813	0.10045	69.752	0.095103
20.115	73.786	0.10003	69.726	0.094675
20.17	73.797	0.10064	69.737	0.095288
20.225	73.819	0.10127	69.758	0.095922
20.281	73.815	0.10139	69.753	0.096046
20.336	73.791	0.10121	69.731	0.095861
20.391	73.775	0.10243	69.715	0.097083
20.447	73.863	0.10253	69.798	0.097187
20.502	73.767	0.10298	69.708	0.097625
20.557	73.79	0.10391	69.729	0.098561
20.612	73.829	0.10359	69.766	0.098241
20.668	73.779	0.10552	69.718	0.10017
20.723	73.837	0.10434	69.773	0.098992
20.778	73.748	0.10485	69.689	0.099496
20.833	73.852	0.10563	69.787	0.10028
20.889	73.833	0.10548	69.769	0.10013
20.944	73.836	0.1057	69.771	0.10035
20.999	73.848	0.10576	69.783	0.10041
21.054	73.869	0.10634	69.802	0.10099
21.11	73.833	0.10577	69.769	0.10042
21.165	73.826	0.10638	69.762	0.10103
21.22	73.848	0.10624	69.783	0.1009
21.275	73.822	0.10585	69.758	0.1005
21.331	73.889	0.10673	69.821	0.10138
21.386	73.887	0.10692	69.819	0.10158
21.441	73.912	0.10704	69.842	0.10169
21.496	73.957	0.10752	69.885	0.10217
21.552	73.879	0.10688	69.812	0.10153
21.607	73.86	0.10672	69.793	0.10137
21.662	73.904	0.10744	69.835	0.10208
21.718	73.882	0.10667	69.814	0.10132
21.773	73.934	0.10744	69.863	0.1021
21.828	73.82	0.10702	69.756	0.10167
