Time	Fascicle Length R1_F1	Pennation Angle R1_F1	Fascicle Length R1_F2	Pennation Angle R1_F2	
0.053591	60.969	0.26015	62.485	0.25896
0.10718	60.902	0.26068	62.416	0.25949
0.16077	60.858	0.25717	62.371	0.25599
0.21436	60.813	0.25692	62.325	0.25574
0.26795	60.834	0.2563	62.347	0.25512
0.32154	60.742	0.255	62.253	0.25382
0.37513	60.743	0.25449	62.254	0.25331
0.42872	60.647	0.25328	62.156	0.2521
0.48232	60.559	0.25367	62.065	0.25248
0.53591	60.427	0.25417	61.931	0.25298
0.5895	60.339	0.25381	61.841	0.25262
0.64309	60.224	0.25399	61.723	0.2528
0.69668	60.246	0.25302	61.746	0.25184
0.75027	60.275	0.25284	61.775	0.25165
0.80386	60.219	0.25211	61.718	0.25092
0.85745	60.223	0.25299	61.722	0.2518
0.91104	60.262	0.2556	61.762	0.2544
0.96463	60.272	0.25662	61.772	0.25542
1.0182	60.154	0.25545	61.651	0.25425
1.0718	60.176	0.2558	61.674	0.25459
1.1254	60.263	0.25642	61.762	0.25522
1.179	60.254	0.25646	61.753	0.25526
1.2326	60.305	0.25765	61.805	0.25644
1.2862	60.356	0.25958	61.857	0.25837
1.3398	60.34	0.26029	61.841	0.25908
1.3934	60.409	0.26135	61.911	0.26013
1.4469	60.379	0.26276	61.881	0.26154
1.5005	60.4	0.26329	61.902	0.26207
1.5541	60.413	0.26495	61.915	0.26373
1.6077	60.393	0.26478	61.895	0.26356
1.6613	60.473	0.26525	61.976	0.26403
1.7149	60.479	0.26536	61.983	0.26414
1.7685	60.505	0.26611	62.009	0.26489
1.8221	60.588	0.26631	62.094	0.26509
1.8757	60.549	0.26731	62.054	0.26609
1.9293	60.52	0.26799	62.024	0.26677
1.9829	60.479	0.26878	61.982	0.26755
2.0364	60.434	0.26991	61.936	0.26868
2.09	60.519	0.27036	62.023	0.26913
2.1436	60.527	0.26981	62.031	0.26858
2.1972	60.516	0.26967	62.02	0.26844
2.2508	60.569	0.26941	62.074	0.26818
2.3044	60.586	0.26979	62.092	0.26856
2.358	60.682	0.26937	62.19	0.26815
2.4116	60.696	0.26899	62.204	0.26776
2.4652	60.735	0.2698	62.244	0.26858
2.5188	60.824	0.26893	62.335	0.26771
2.5723	60.844	0.26863	62.356	0.2674
2.6259	60.892	0.26931	62.404	0.26809
2.6795	60.848	0.26952	62.359	0.26829
2.7331	60.997	0.26925	62.511	0.26803
2.7867	60.992	0.26921	62.507	0.26799
2.8403	61.059	0.26897	62.575	0.26775
2.8939	61.058	0.26959	62.574	0.26836
2.9475	61.172	0.26784	62.69	0.26662
3.0011	61.214	0.26941	62.733	0.26818
3.0547	61.316	0.26918	62.838	0.26796
3.1083	61.324	0.26982	62.846	0.2686
3.1618	61.419	0.26957	62.943	0.26835
3.2154	61.47	0.26864	62.996	0.26743
3.269	61.536	0.26886	63.063	0.26764
3.3226	61.639	0.26906	63.168	0.26784
3.3762	61.734	0.26964	63.265	0.26843
3.4298	61.668	0.26919	63.197	0.26798
3.4834	61.7	0.26999	63.23	0.26878
3.537	61.847	0.26965	63.38	0.26844
3.5906	61.937	0.27034	63.473	0.26913
3.6442	61.981	0.27047	63.517	0.26926
3.6977	62.003	0.26989	63.54	0.26868
3.7513	62.013	0.27014	63.55	0.26893
3.8049	62.018	0.27037	63.556	0.26915
3.8585	62.023	0.27053	63.56	0.26931
3.9121	62.132	0.27035	63.672	0.26914
3.9657	62.129	0.2706	63.669	0.26938
4.0193	62.155	0.27098	63.695	0.26977
4.0729	62.27	0.26994	63.813	0.26873
4.1265	62.317	0.27162	63.861	0.27041
4.1801	62.358	0.27165	63.903	0.27044
4.2337	62.313	0.27158	63.856	0.27037
4.2872	62.479	0.27136	64.027	0.27015
4.3408	62.576	0.27298	64.125	0.27177
4.3944	62.648	0.27311	64.2	0.2719
4.448	62.689	0.27247	64.242	0.27126
4.5016	62.752	0.27238	64.306	0.27117
4.5552	62.794	0.27345	64.349	0.27224
4.6088	62.867	0.27294	64.424	0.27173
4.6624	62.945	0.27251	64.504	0.27131
4.716	62.938	0.27325	64.496	0.27205
4.7696	63.09	0.27344	64.651	0.27224
4.8232	63.167	0.2736	64.73	0.27241
4.8767	63.153	0.27273	64.716	0.27153
4.9303	63.252	0.27403	64.817	0.27283
4.9839	63.346	0.27352	64.914	0.27233
5.0375	63.37	0.27369	64.938	0.27249
5.0911	63.415	0.27409	64.984	0.2729
5.1447	63.517	0.27329	65.089	0.2721
5.1983	63.544	0.27274	65.116	0.27155
5.2519	63.55	0.27312	65.122	0.27193
5.3055	63.636	0.27369	65.211	0.2725
5.3591	63.644	0.27299	65.218	0.2718
5.4126	63.634	0.27319	65.208	0.272
5.4662	63.715	0.27338	65.291	0.27219
5.5198	63.818	0.27234	65.397	0.27116
5.5734	63.881	0.27186	65.461	0.27067
5.627	63.884	0.27147	65.465	0.27029
5.6806	63.938	0.27159	65.519	0.27041
5.7342	64.046	0.27154	65.63	0.27036
5.7878	64.137	0.27073	65.723	0.26955
5.8414	64.115	0.26974	65.701	0.26856
5.895	64.222	0.269	65.811	0.26783
5.9486	64.3	0.2698	65.89	0.26863
6.0021	64.283	0.27011	65.872	0.26894
6.0557	64.328	0.27109	65.918	0.26991
6.1093	64.418	0.27086	66.01	0.26969
6.1629	64.445	0.27086	66.038	0.26969
6.2165	64.532	0.27095	66.127	0.26978
6.2701	64.613	0.26979	66.21	0.26862
6.3237	64.627	0.27137	66.224	0.2702
6.3773	64.708	0.2707	66.307	0.26954
6.4309	64.77	0.27044	66.37	0.26928
6.4845	64.764	0.26975	66.364	0.26858
6.538	64.942	0.26908	66.547	0.26792
6.5916	64.964	0.26955	66.569	0.26839
6.6452	65.027	0.26945	66.634	0.26829
6.6988	65.02	0.2699	66.626	0.26873
6.7524	65.197	0.2691	66.808	0.26794
6.806	65.158	0.26975	66.767	0.2686
6.8596	65.265	0.26877	66.876	0.26762
6.9132	65.336	0.26898	66.949	0.26782
6.9668	65.424	0.26907	67.039	0.26792
7.0204	65.433	0.26896	67.049	0.26781
7.074	65.463	0.26859	67.08	0.26744
7.1275	65.543	0.26852	67.161	0.26738
7.1811	65.706	0.26774	67.328	0.2666
7.2347	65.74	0.26818	67.363	0.26704
7.2883	65.831	0.26757	67.455	0.26642
7.3419	65.878	0.26791	67.503	0.26677
7.3955	65.949	0.26782	67.576	0.26668
7.4491	65.965	0.26804	67.593	0.2669
7.5027	66.031	0.26763	67.661	0.26649
7.5563	66.083	0.26768	67.714	0.26655
7.6099	66.18	0.26762	67.813	0.26649
7.6635	66.21	0.26669	67.844	0.26555
7.717	66.215	0.26734	67.849	0.26621
7.7706	66.308	0.26724	67.943	0.26611
7.8242	66.396	0.26649	68.034	0.26536
7.8778	66.456	0.26636	68.094	0.26523
7.9314	66.505	0.26632	68.145	0.26519
7.985	66.623	0.26588	68.266	0.26476
8.0386	66.631	0.26677	68.274	0.26564
8.0922	66.737	0.26567	68.382	0.26454
8.1458	66.785	0.26543	68.432	0.26431
8.1994	66.89	0.26576	68.539	0.26464
8.2529	66.923	0.26478	68.572	0.26366
8.3065	66.946	0.2654	68.596	0.26428
8.3601	66.969	0.26539	68.62	0.26427
8.4137	67.112	0.26449	68.766	0.26337
8.4673	67.148	0.26373	68.803	0.26262
8.5209	67.22	0.26371	68.877	0.2626
8.5745	67.346	0.26367	69.006	0.26257
8.6281	67.376	0.26367	69.037	0.26256
8.6817	67.406	0.26318	69.067	0.26207
8.7353	67.499	0.26249	69.162	0.26139
8.7889	67.603	0.26327	69.269	0.26217
8.8424	67.618	0.2626	69.284	0.2615
8.896	67.615	0.26273	69.28	0.26163
8.9496	67.764	0.26239	69.433	0.26129
9.0032	67.754	0.262	69.423	0.2609
9.0568	67.799	0.26259	69.469	0.2615
9.1104	67.879	0.26205	69.551	0.26096
9.164	67.914	0.26184	69.587	0.26074
9.2176	67.975	0.26192	69.65	0.26082
9.2712	68.023	0.26162	69.698	0.26053
9.3248	68.158	0.26182	69.836	0.26073
9.3783	68.206	0.26059	69.885	0.2595
9.4319	68.184	0.26065	69.863	0.25956
9.4855	68.301	0.26049	69.983	0.2594
9.5391	68.389	0.26042	70.073	0.25934
9.5927	68.402	0.2596	70.086	0.25852
9.6463	68.502	0.25925	70.188	0.25817
9.6999	68.65	0.25854	70.34	0.25746
9.7535	68.674	0.2584	70.364	0.25733
9.8071	68.734	0.25799	70.426	0.25691
9.8607	68.717	0.25821	70.408	0.25714
9.9143	68.825	0.25763	70.518	0.25655
9.9678	68.908	0.25671	70.604	0.25564
10.021	68.844	0.25668	70.538	0.25561
10.075	69.022	0.25716	70.72	0.2561
10.129	69.037	0.25665	70.736	0.25558
10.182	69.11	0.25649	70.811	0.25543
10.236	69.212	0.25653	70.914	0.25546
10.289	69.288	0.25583	70.993	0.25476
10.343	69.302	0.2561	71.007	0.25504
10.397	69.353	0.25613	71.059	0.25507
10.45	69.427	0.25664	71.134	0.25558
10.504	69.495	0.25643	71.205	0.25537
10.557	69.57	0.25602	71.281	0.25496
10.611	69.633	0.25635	71.345	0.25529
10.665	69.7	0.25543	71.414	0.25437
10.718	69.688	0.25549	71.401	0.25443
10.772	69.775	0.25555	71.491	0.2545
10.825	69.763	0.25529	71.478	0.25424
10.879	69.755	0.25537	71.47	0.25431
10.932	69.838	0.25539	71.555	0.25433
10.986	69.884	0.25537	71.602	0.25432
11.04	69.896	0.2552	71.614	0.25415
11.093	69.94	0.25494	71.659	0.25389
11.147	69.998	0.25517	71.718	0.25412
11.2	70.062	0.25521	71.784	0.25416
11.254	70.077	0.25521	71.8	0.25416
11.308	70.159	0.25582	71.884	0.25477
11.361	70.206	0.25519	71.931	0.25414
11.415	70.231	0.2547	71.957	0.25365
11.468	70.219	0.25496	71.945	0.25391
11.522	70.322	0.25509	72.051	0.25404
11.576	70.287	0.25459	72.015	0.25354
11.629	70.354	0.25446	72.083	0.25341
11.683	70.385	0.25474	72.114	0.25369
11.736	70.426	0.25475	72.157	0.25371
11.79	70.448	0.25481	72.179	0.25377
11.844	70.536	0.25495	72.269	0.25391
11.897	70.55	0.25569	72.284	0.25465
11.951	70.563	0.2554	72.297	0.25436
12.004	70.608	0.25582	72.343	0.25478
12.058	70.605	0.25609	72.34	0.25505
12.111	70.658	0.25635	72.394	0.25531
12.165	70.658	0.25663	72.394	0.25559
12.219	70.68	0.25634	72.417	0.2553
12.272	70.728	0.25641	72.465	0.25538
12.326	70.75	0.25654	72.488	0.25551
12.379	70.764	0.25666	72.502	0.25562
12.433	70.826	0.25678	72.565	0.25574
12.487	70.9	0.25638	72.641	0.25535
12.54	70.933	0.25606	72.675	0.25503
12.594	70.975	0.25559	72.719	0.25456
12.647	70.978	0.2563	72.722	0.25526
12.701	71.036	0.25574	72.781	0.25471
12.755	71.109	0.25543	72.856	0.2544
12.808	71.158	0.25495	72.905	0.25392
12.862	71.272	0.25533	73.023	0.2543
12.915	71.277	0.25554	73.027	0.25451
12.969	71.309	0.25557	73.06	0.25454
13.023	71.357	0.25576	73.11	0.25473
13.076	71.418	0.25538	73.172	0.25435
13.13	71.473	0.25513	73.227	0.2541
13.183	71.483	0.25515	73.238	0.25413
13.237	71.519	0.25541	73.275	0.25438
13.29	71.535	0.25519	73.291	0.25416
13.344	71.573	0.25559	73.33	0.25456
13.398	71.633	0.25502	73.392	0.25399
13.451	71.692	0.25488	73.453	0.25386
13.505	71.676	0.25524	73.435	0.25422
13.558	71.731	0.25497	73.492	0.25395
13.612	71.847	0.25433	73.611	0.25331
13.666	71.809	0.25513	73.572	0.25411
13.719	71.903	0.25458	73.667	0.25356
13.773	71.885	0.25506	73.65	0.25405
13.826	71.943	0.25492	73.709	0.2539
13.88	72.02	0.2554	73.787	0.25438
13.934	71.997	0.25557	73.764	0.25455
13.987	72.03	0.25524	73.797	0.25423
14.041	72.071	0.25517	73.839	0.25415
14.094	72.12	0.2557	73.89	0.25469
14.148	72.142	0.25576	73.913	0.25475
14.202	72.14	0.25578	73.911	0.25477
14.255	72.164	0.25582	73.935	0.2548
14.309	72.242	0.25546	74.014	0.25445
14.362	72.253	0.25574	74.026	0.25473
14.416	72.249	0.25659	74.021	0.25558
14.469	72.28	0.25602	74.053	0.25501
14.523	72.326	0.25583	74.1	0.25482
14.577	72.343	0.25513	74.118	0.25411
14.63	72.416	0.25571	74.193	0.2547
14.684	72.39	0.25581	74.166	0.25479
14.737	72.474	0.25553	74.252	0.25452
14.791	72.456	0.25548	74.234	0.25447
14.845	72.458	0.25462	74.235	0.25361
14.898	72.485	0.25534	74.263	0.25433
14.952	72.519	0.25547	74.298	0.25446
15.005	72.572	0.25452	74.352	0.25351
15.059	72.508	0.25448	74.287	0.25347
15.113	72.554	0.25462	74.333	0.25361
15.166	72.612	0.254	74.393	0.25299
15.22	72.619	0.25402	74.4	0.25302
15.273	72.59	0.25339	74.371	0.25238
15.327	72.611	0.25348	74.393	0.25248
15.38	72.652	0.25366	74.434	0.25265
15.434	72.652	0.25362	74.434	0.25261
15.488	72.638	0.25332	74.42	0.25232
15.541	72.674	0.25359	74.457	0.25258
15.595	72.63	0.25288	74.412	0.25188
15.648	72.677	0.25275	74.46	0.25175
15.702	72.683	0.25224	74.467	0.25124
15.756	72.642	0.25237	74.424	0.25137
15.809	72.676	0.252	74.459	0.251
15.863	72.686	0.2526	74.469	0.2516
15.916	72.679	0.25261	74.462	0.25161
15.97	72.68	0.25247	74.463	0.25147
16.024	72.596	0.25231	74.377	0.2513
16.077	72.693	0.25202	74.477	0.25102
16.131	72.612	0.25239	74.393	0.25139
16.184	72.652	0.25173	74.434	0.25073
16.238	72.605	0.25203	74.386	0.25103
16.292	72.588	0.25244	74.369	0.25143
16.345	72.548	0.25282	74.328	0.25182
16.399	72.539	0.2526	74.319	0.25159
16.452	72.601	0.25207	74.383	0.25106
16.506	72.63	0.25201	74.412	0.25101
16.559	72.55	0.25185	74.33	0.25085
16.613	72.518	0.25176	74.298	0.25076
16.667	72.565	0.2515	74.346	0.2505
16.72	72.588	0.25125	74.369	0.25024
16.774	72.46	0.25079	74.238	0.24979
16.827	72.44	0.25101	74.217	0.25001
16.881	72.481	0.25167	74.259	0.25066
16.935	72.429	0.25165	74.206	0.25065
16.988	72.388	0.25177	74.164	0.25077
17.042	72.445	0.25087	74.222	0.24987
17.095	72.407	0.24999	74.184	0.24899
17.149	72.372	0.25042	74.148	0.24942
17.203	72.428	0.25044	74.205	0.24944
17.256	72.423	0.2504	74.2	0.2494
17.31	72.349	0.25067	74.125	0.24967
17.363	72.48	0.25027	74.258	0.24927
17.417	72.414	0.25051	74.192	0.24951
17.471	72.429	0.25049	74.207	0.24949
17.524	72.337	0.25127	74.112	0.25027
17.578	72.369	0.25071	74.145	0.24971
17.631	72.356	0.25149	74.132	0.25048
17.685	72.363	0.25116	74.138	0.25016
17.738	72.337	0.25012	74.113	0.24912
17.792	72.423	0.25001	74.2	0.24901
17.846	72.401	0.25053	74.178	0.24953
17.899	72.285	0.24974	74.059	0.24874
17.953	72.35	0.24933	74.126	0.24833
18.006	72.357	0.24891	74.132	0.24791
18.06	72.314	0.25003	74.089	0.24903
18.114	72.266	0.24998	74.04	0.24898
18.167	72.303	0.24909	74.078	0.24809
18.221	72.296	0.24858	74.071	0.24758
18.274	72.279	0.24864	74.053	0.24764
18.328	72.273	0.24855	74.047	0.24755
18.382	72.262	0.24887	74.036	0.24787
18.435	72.284	0.24827	74.059	0.24727
18.489	72.28	0.24848	74.054	0.24748
18.542	72.251	0.24836	74.024	0.24736
18.596	72.239	0.24828	74.012	0.24728
18.65	72.267	0.24833	74.041	0.24733
18.703	72.215	0.24823	73.988	0.24723
18.757	72.185	0.2479	73.957	0.2469
18.81	72.23	0.24801	74.004	0.24701
18.864	72.188	0.24848	73.96	0.24748
18.917	72.098	0.24844	73.868	0.24744
18.971	72.117	0.2481	73.888	0.2471
19.025	72.121	0.24825	73.892	0.24725
19.078	72.156	0.24801	73.928	0.24701
19.132	72.128	0.24851	73.899	0.2475
19.185	72.1	0.24833	73.871	0.24733
19.239	72.099	0.24812	73.869	0.24712
19.293	72.041	0.24835	73.809	0.24735
19.346	71.999	0.24825	73.767	0.24725
19.4	72.045	0.24846	73.814	0.24746
19.453	71.955	0.24842	73.721	0.24742
19.507	71.942	0.24819	73.709	0.24719
19.561	71.929	0.24866	73.695	0.24765
19.614	71.885	0.24853	73.651	0.24752
19.668	71.818	0.24827	73.581	0.24726
19.721	71.779	0.2492	73.542	0.24819
19.775	71.839	0.24884	73.604	0.24783
19.829	71.738	0.24959	73.5	0.24858
19.882	71.729	0.24951	73.491	0.2485
19.936	71.703	0.24931	73.465	0.2483
19.989	71.647	0.24963	73.407	0.24862
20.043	71.589	0.24955	73.347	0.24854
20.096	71.578	0.24985	73.336	0.24884
20.15	71.528	0.24943	73.285	0.24842
20.204	71.416	0.249	73.171	0.24798
20.257	71.442	0.24943	73.197	0.24842
20.311	71.392	0.24964	73.146	0.24863
20.364	71.344	0.25022	73.097	0.2492
20.418	71.39	0.24982	73.144	0.24881
20.472	71.331	0.25027	73.084	0.24926
20.525	71.355	0.24907	73.109	0.24806
20.579	71.281	0.24993	73.032	0.24891
20.632	71.359	0.25002	73.113	0.24901
20.686	71.238	0.24994	72.989	0.24892
20.74	71.157	0.2502	72.906	0.24918
20.793	71.147	0.2506	72.896	0.24958
20.847	71.1	0.25057	72.847	0.24955
20.9	71.063	0.25003	72.81	0.24901
20.954	71.03	0.25031	72.776	0.24929
21.008	71.049	0.25046	72.795	0.24944
21.061	71.012	0.25003	72.758	0.24901
21.115	70.898	0.25045	72.64	0.24943
21.168	70.933	0.25039	72.676	0.24937
21.222	70.944	0.25008	72.688	0.24906
