Time	Fascicle Length R1_F1	Pennation Angle R1_F1	Fascicle Length R1_F2	Pennation Angle R1_F2	
0.051935	55.067	0.17173	55.609	0.1654
0.10387	56.364	0.16807	56.95	0.15726
0.1558	56.444	0.16767	57.03	0.15689
0.20774	56.491	0.16741	57.075	0.15664
0.25967	56.512	0.1672	57.096	0.15645
0.31161	56.588	0.16759	57.171	0.15688
0.36354	56.604	0.16686	57.187	0.15617
0.41548	56.624	0.16678	57.205	0.15611
0.46741	56.644	0.16629	57.224	0.15563
0.51935	56.65	0.16561	57.23	0.15495
0.57128	56.72	0.16503	57.3	0.1544
0.62321	56.709	0.16426	57.287	0.15364
0.67515	56.787	0.16371	57.366	0.15312
0.72708	56.724	0.16311	57.302	0.15251
0.77902	56.826	0.16253	57.405	0.15194
0.83095	56.792	0.16249	57.368	0.1519
0.88289	56.855	0.16204	57.432	0.15147
0.93482	56.798	0.16234	57.374	0.15176
0.98676	56.842	0.16191	57.418	0.15133
1.0387	56.808	0.16203	57.383	0.15144
1.0906	56.825	0.16165	57.401	0.15106
1.1426	56.863	0.16178	57.438	0.15119
1.1945	56.826	0.16155	57.398	0.15095
1.2464	56.833	0.16196	57.405	0.15136
1.2984	56.942	0.16211	57.514	0.15153
1.3503	56.903	0.16239	57.474	0.15181
1.4022	56.954	0.16158	57.524	0.15101
1.4542	56.902	0.16172	57.471	0.15115
1.5061	56.904	0.16163	57.472	0.15105
1.558	56.938	0.16091	57.505	0.15034
1.61	56.942	0.1613	57.508	0.15073
1.6619	56.963	0.16172	57.528	0.15115
1.7138	56.963	0.16158	57.528	0.15101
1.7658	56.976	0.16141	57.54	0.15085
1.8177	56.947	0.16207	57.51	0.15151
1.8696	56.973	0.16125	57.537	0.15068
1.9216	56.967	0.16145	57.529	0.15088
1.9735	56.982	0.16185	57.544	0.15128
2.0254	57.022	0.16134	57.583	0.15078
2.0774	57.037	0.16149	57.598	0.15093
2.1293	57.025	0.16154	57.584	0.15098
2.1813	57.021	0.16157	57.578	0.15102
2.2332	57.049	0.16151	57.606	0.15096
2.2851	57.087	0.16152	57.644	0.15099
2.3371	57.066	0.16173	57.622	0.15119
2.389	57.097	0.16141	57.651	0.15089
2.4409	57.116	0.16142	57.67	0.15091
2.4929	57.158	0.1611	57.712	0.1506
2.5448	57.174	0.16105	57.728	0.15055
2.5967	57.161	0.1607	57.713	0.1502
2.6487	57.17	0.16108	57.721	0.15057
2.7006	57.171	0.16082	57.721	0.15032
2.7525	57.196	0.15975	57.745	0.14926
2.8045	57.185	0.16011	57.733	0.14961
2.8564	57.214	0.16003	57.762	0.14953
2.9083	57.206	0.15954	57.753	0.14905
2.9603	57.202	0.15951	57.748	0.14903
3.0122	57.194	0.15952	57.739	0.14903
3.0641	57.263	0.15926	57.808	0.14878
3.1161	57.261	0.1591	57.805	0.14862
3.168	57.251	0.15946	57.795	0.14898
3.2199	57.256	0.15939	57.799	0.14892
3.2719	57.288	0.15938	57.829	0.14892
3.3238	57.317	0.1596	57.859	0.14916
3.3757	57.323	0.15961	57.863	0.14917
3.4277	57.309	0.15986	57.848	0.14942
3.4796	57.318	0.16005	57.856	0.14961
3.5316	57.35	0.16015	57.889	0.14972
3.5835	57.358	0.15975	57.895	0.14932
3.6354	57.362	0.15986	57.898	0.14944
3.6874	57.386	0.16007	57.921	0.14964
3.7393	57.36	0.16013	57.896	0.14969
3.7912	57.396	0.16013	57.931	0.14969
3.8432	57.381	0.16056	57.915	0.15012
3.8951	57.362	0.16091	57.895	0.15046
3.947	57.392	0.16097	57.925	0.15052
3.999	57.395	0.16124	57.927	0.15079
4.0509	57.377	0.16132	57.907	0.15087
4.1028	57.458	0.1611	57.99	0.15067
4.1548	57.368	0.16116	57.897	0.15072
4.2067	57.433	0.16086	57.963	0.15042
4.2586	57.41	0.16046	57.939	0.15003
4.3106	57.423	0.16065	57.951	0.15022
4.3625	57.434	0.16141	57.961	0.15097
4.4144	57.481	0.16148	58.008	0.15106
4.4664	57.441	0.1618	57.967	0.15137
4.5183	57.469	0.16095	57.994	0.15053
4.5702	57.525	0.16133	58.051	0.15092
4.6222	57.509	0.16159	58.033	0.15119
4.6741	57.563	0.16149	58.087	0.1511
4.726	57.469	0.16173	57.991	0.15132
4.778	57.597	0.16195	58.12	0.15155
4.8299	57.617	0.16228	58.139	0.15188
4.8818	57.602	0.16238	58.124	0.152
4.9338	57.552	0.16279	58.072	0.1524
4.9857	57.602	0.16325	58.122	0.15287
5.0377	57.622	0.16318	58.142	0.15281
5.0896	57.631	0.16279	58.151	0.15242
5.1415	57.643	0.16305	58.162	0.15269
5.1935	57.656	0.16293	58.175	0.15256
5.2454	57.694	0.16302	58.212	0.15266
5.2973	57.641	0.16321	58.158	0.15284
5.3493	57.669	0.16389	58.186	0.15351
5.4012	57.754	0.16363	58.271	0.15328
5.4531	57.704	0.16362	58.219	0.15326
5.5051	57.754	0.1639	58.269	0.15356
5.557	57.755	0.16412	58.269	0.15378
5.6089	57.783	0.16309	58.298	0.15277
5.6609	57.79	0.16322	58.304	0.15289
5.7128	57.755	0.16372	58.267	0.15338
5.7647	57.772	0.16366	58.284	0.15333
5.8167	57.783	0.1636	58.296	0.15327
5.8686	57.754	0.16424	58.265	0.1539
5.9205	57.816	0.16453	58.327	0.15419
5.9725	57.852	0.16486	58.363	0.15455
6.0244	57.832	0.16521	58.342	0.1549
6.0763	57.85	0.16504	58.36	0.15475
6.1283	57.839	0.16529	58.348	0.15499
6.1802	57.862	0.16569	58.37	0.1554
6.2321	57.867	0.16544	58.376	0.15516
6.2841	57.877	0.16454	58.386	0.15426
6.336	57.943	0.16515	58.452	0.15489
6.388	57.905	0.16532	58.412	0.15505
6.4399	57.925	0.16533	58.433	0.15506
6.4918	57.988	0.1653	58.495	0.15505
6.5438	57.986	0.16538	58.492	0.15514
6.5957	58.003	0.16502	58.51	0.15479
6.6476	58.08	0.16642	58.587	0.15621
6.6996	58.028	0.16607	58.533	0.15586
6.7515	58.003	0.16609	58.508	0.15586
6.8034	58.089	0.1663	58.593	0.15609
6.8554	58.06	0.1659	58.564	0.15569
6.9073	58.034	0.16593	58.537	0.15571
6.9592	58.027	0.16631	58.53	0.15608
7.0112	58.089	0.16617	58.592	0.15596
7.0631	58.056	0.16597	58.558	0.15576
7.115	58.084	0.1659	58.585	0.15569
7.167	58.107	0.16578	58.608	0.15558
7.2189	58.086	0.16599	58.586	0.15578
7.2708	58.103	0.16578	58.603	0.15558
7.3228	58.121	0.16594	58.62	0.15574
7.3747	58.132	0.16576	58.63	0.15556
7.4266	58.147	0.1663	58.645	0.1561
7.4786	58.18	0.16645	58.678	0.15625
7.5305	58.142	0.16616	58.64	0.15596
7.5824	58.151	0.16627	58.648	0.15606
7.6344	58.195	0.16692	58.692	0.1567
7.6863	58.201	0.16693	58.698	0.15672
7.7382	58.173	0.16737	58.668	0.15716
7.7902	58.171	0.16751	58.666	0.1573
7.8421	58.166	0.16761	58.66	0.15739
7.8941	58.239	0.16794	58.733	0.15773
7.946	58.23	0.16792	58.724	0.15772
7.9979	58.203	0.16763	58.696	0.15741
8.0499	58.248	0.16794	58.741	0.15773
8.1018	58.26	0.16882	58.751	0.15862
8.1537	58.294	0.16871	58.786	0.15853
8.2057	58.36	0.16834	58.852	0.15818
8.2576	58.42	0.16774	58.913	0.1576
8.3095	58.367	0.16828	58.858	0.15812
8.3615	58.421	0.16877	58.911	0.15864
8.4134	58.436	0.16815	58.926	0.15803
8.4653	58.428	0.16817	58.916	0.15805
8.5173	58.429	0.16753	58.918	0.15741
8.5692	58.456	0.1678	58.944	0.15767
8.6211	58.441	0.16737	58.929	0.15724
8.6731	58.455	0.16725	58.942	0.15713
8.725	58.524	0.16685	59.012	0.15675
8.7769	58.525	0.16632	59.012	0.15624
8.8289	58.586	0.16641	59.074	0.15634
8.8808	58.591	0.16604	59.078	0.15599
8.9327	58.647	0.16581	59.135	0.15577
8.9847	58.628	0.1664	59.115	0.15635
9.0366	58.635	0.16518	59.122	0.15514
9.0885	58.691	0.16532	59.177	0.15528
9.1405	58.598	0.16552	59.083	0.15546
9.1924	58.677	0.16545	59.163	0.1554
9.2444	58.607	0.16526	59.092	0.15519
9.2963	58.564	0.16458	59.048	0.15451
9.3482	58.645	0.16515	59.131	0.15508
9.4002	58.677	0.1654	59.162	0.15534
9.4521	58.635	0.16554	59.119	0.15549
9.504	58.666	0.16564	59.15	0.1556
9.556	58.593	0.16528	59.076	0.15524
9.6079	58.713	0.16494	59.198	0.15491
9.6598	58.64	0.16453	59.124	0.1545
9.7118	58.682	0.16455	59.166	0.15453
9.7637	58.675	0.16506	59.158	0.15503
9.8156	58.664	0.16496	59.147	0.15493
9.8676	58.722	0.16476	59.205	0.15474
9.9195	58.793	0.16525	59.276	0.15524
9.9714	58.769	0.16503	59.251	0.15503
10.023	58.753	0.16531	59.234	0.15529
10.075	58.784	0.16526	59.266	0.15524
10.127	58.776	0.16507	59.258	0.15504
10.179	58.745	0.16481	59.227	0.15477
10.231	58.721	0.16494	59.203	0.15491
10.283	58.716	0.16443	59.199	0.15441
10.335	58.699	0.16448	59.182	0.15446
10.387	58.681	0.16405	59.163	0.15402
10.439	58.756	0.16444	59.239	0.15443
10.491	58.731	0.16453	59.213	0.15451
10.543	58.7	0.16441	59.181	0.1544
10.595	58.787	0.16486	59.268	0.15486
10.647	58.763	0.16525	59.242	0.15525
10.699	58.808	0.16549	59.287	0.1555
10.75	58.825	0.16539	59.303	0.1554
10.802	58.872	0.16598	59.35	0.15599
10.854	58.836	0.16588	59.313	0.1559
10.906	58.869	0.16602	59.346	0.15605
10.958	58.896	0.16542	59.373	0.15545
11.01	58.887	0.16622	59.363	0.15624
11.062	58.917	0.16693	59.393	0.15695
11.114	58.903	0.16653	59.377	0.15656
11.166	58.898	0.167	59.372	0.15702
11.218	58.965	0.16756	59.438	0.15759
11.27	58.952	0.16692	59.425	0.15694
11.322	59.017	0.16841	59.49	0.15845
11.374	58.996	0.16789	59.468	0.15793
11.426	59	0.1681	59.471	0.15813
11.478	58.995	0.16867	59.466	0.15871
11.529	59.005	0.16874	59.475	0.15877
11.581	59.039	0.16837	59.509	0.15842
11.633	59.061	0.16779	59.532	0.15784
11.685	58.987	0.16854	59.458	0.15858
11.737	58.96	0.16828	59.432	0.15833
11.789	58.984	0.16871	59.456	0.15876
11.841	58.967	0.1692	59.437	0.15924
11.893	58.999	0.16914	59.469	0.15918
11.945	59.052	0.16968	59.522	0.15974
11.997	59.074	0.16995	59.543	0.16001
12.049	59.078	0.1695	59.547	0.15956
12.101	59.135	0.17036	59.604	0.16043
12.153	59.138	0.17056	59.605	0.16063
12.205	59.197	0.17029	59.665	0.16038
12.257	59.176	0.17144	59.642	0.16152
12.308	59.173	0.17167	59.638	0.16176
12.36	59.198	0.17294	59.662	0.16303
12.412	59.276	0.17172	59.741	0.16181
12.464	59.238	0.17186	59.701	0.16195
12.516	59.32	0.17186	59.784	0.16196
12.568	59.267	0.17276	59.73	0.16286
12.62	59.303	0.17253	59.765	0.16263
12.672	59.357	0.1724	59.82	0.1625
12.724	59.361	0.17225	59.823	0.16235
12.776	59.417	0.17225	59.879	0.16237
12.828	59.405	0.17272	59.865	0.16283
12.88	59.447	0.17347	59.907	0.16359
12.932	59.453	0.17439	59.912	0.16452
12.984	59.441	0.17334	59.9	0.16348
13.036	59.463	0.17412	59.922	0.16427
13.088	59.493	0.17386	59.951	0.16401
13.139	59.533	0.1735	59.992	0.16367
13.191	59.565	0.17394	60.022	0.1641
13.243	59.611	0.173	60.068	0.16317
13.295	59.609	0.17395	60.066	0.16411
13.347	59.539	0.17463	59.994	0.16478
13.399	59.658	0.17376	60.114	0.16392
13.451	59.71	0.17506	60.166	0.16524
13.503	59.629	0.17504	60.083	0.16521
13.555	59.672	0.17453	60.126	0.16471
13.607	59.786	0.1743	60.241	0.1645
13.659	59.791	0.17461	60.245	0.16482
13.711	59.76	0.17493	60.212	0.16513
13.763	59.819	0.17496	60.272	0.16516
13.815	59.879	0.1747	60.332	0.16491
13.867	59.815	0.17536	60.266	0.16557
13.918	59.926	0.1751	60.378	0.16533
13.97	59.902	0.17479	60.354	0.16501
14.022	59.964	0.17539	60.415	0.16562
14.074	59.989	0.17579	60.441	0.16604
14.126	59.99	0.17555	60.442	0.1658
14.178	59.928	0.1752	60.379	0.16543
14.23	59.968	0.17537	60.42	0.16561
14.282	59.977	0.17526	60.429	0.16549
14.334	59.858	0.17643	60.308	0.16664
14.386	60.094	0.17617	60.545	0.16641
14.438	60.079	0.17601	60.531	0.16626
14.49	59.95	0.17672	60.4	0.16695
14.542	59.92	0.1769	60.369	0.16713
14.594	59.939	0.17729	60.387	0.16752
14.646	59.899	0.17716	60.347	0.16738
14.697	59.972	0.17635	60.421	0.1666
14.749	59.942	0.17645	60.391	0.16669
14.801	60.026	0.17585	60.474	0.1661
14.853	59.926	0.17777	60.373	0.16801
14.905	59.915	0.1777	60.36	0.16794
14.957	60.111	0.17803	60.557	0.1683
15.009	60.11	0.17818	60.555	0.16845
15.061	60.16	0.17754	60.608	0.16782
15.113	60.068	0.17797	60.514	0.16823
15.165	60.111	0.17856	60.556	0.16883
15.217	60.191	0.17803	60.636	0.16832
15.269	60.142	0.17876	60.587	0.16904
15.321	60.193	0.17769	60.637	0.16798
15.373	60.263	0.17876	60.707	0.16906
15.425	60.277	0.1783	60.722	0.16859
15.476	60.334	0.17848	60.779	0.16878
15.528	60.279	0.17947	60.722	0.16976
15.58	60.228	0.17978	60.671	0.17007
15.632	60.231	0.17977	60.674	0.17006
15.684	60.299	0.1798	60.742	0.1701
15.736	60.296	0.17943	60.738	0.16973
15.788	60.38	0.17873	60.822	0.16904
15.84	60.361	0.17978	60.803	0.17008
15.892	60.309	0.18028	60.751	0.17058
15.944	60.355	0.17903	60.798	0.16934
15.996	60.335	0.17876	60.777	0.16906
16.048	60.371	0.17791	60.814	0.16822
16.1	60.37	0.17776	60.812	0.16808
16.152	60.459	0.17798	60.901	0.1683
16.204	60.41	0.1779	60.852	0.16821
16.256	60.445	0.17737	60.887	0.16769
16.307	60.436	0.17726	60.878	0.16758
16.359	60.468	0.17726	60.91	0.16758
16.411	60.494	0.17585	60.936	0.16617
16.463	60.488	0.17748	60.929	0.1678
16.515	60.497	0.17663	60.938	0.16696
16.567	60.493	0.17611	60.935	0.16644
16.619	60.494	0.17563	60.935	0.16596
16.671	60.538	0.17507	60.98	0.1654
16.723	60.557	0.17424	60.998	0.16457
16.775	60.638	0.17424	61.079	0.16458
16.827	60.571	0.17514	61.012	0.16548
16.879	60.558	0.17381	60.999	0.16414
16.931	60.608	0.17354	61.05	0.16388
16.983	60.586	0.17446	61.027	0.16478
17.035	60.55	0.17429	60.991	0.16461
17.086	60.513	0.17419	60.955	0.16451
17.138	60.533	0.17269	60.975	0.16301
17.19	60.49	0.17411	60.932	0.16442
17.242	60.491	0.17285	60.934	0.16316
17.294	60.427	0.17402	60.87	0.16432
17.346	60.452	0.17352	60.896	0.16383
17.398	60.375	0.17275	60.818	0.16304
17.45	60.344	0.17241	60.787	0.1627
17.502	60.408	0.17191	60.852	0.16221
17.554	60.345	0.17196	60.789	0.16225
17.606	60.338	0.17188	60.782	0.16217
17.658	60.323	0.17152	60.767	0.16181
17.71	60.318	0.1711	60.763	0.1614
17.762	60.344	0.17038	60.789	0.16067
17.814	60.335	0.17009	60.78	0.16039
17.865	60.282	0.17029	60.727	0.16058
17.917	60.301	0.1692	60.746	0.15949
17.969	60.291	0.1697	60.736	0.15999
18.021	60.26	0.16875	60.705	0.15903
18.073	60.318	0.16946	60.764	0.15976
18.125	60.246	0.16895	60.692	0.15924
18.177	60.231	0.16902	60.677	0.1593
18.229	60.217	0.16948	60.663	0.15976
18.281	60.159	0.16951	60.605	0.15979
18.333	60.177	0.16869	60.624	0.15897
18.385	60.133	0.16947	60.579	0.15975
18.437	60.163	0.16914	60.611	0.15943
18.489	60.117	0.16823	60.566	0.15849
18.541	60.133	0.1689	60.583	0.15916
18.593	60.141	0.16823	60.591	0.15849
18.645	60.094	0.16894	60.543	0.15919
18.696	60.086	0.16935	60.536	0.15961
18.748	60.021	0.16911	60.471	0.15936
18.8	60.096	0.16919	60.547	0.15946
18.852	60.092	0.16885	60.543	0.15911
18.904	60.041	0.16931	60.493	0.15955
18.956	60.023	0.16951	60.475	0.15975
19.008	59.98	0.16976	60.432	0.16
19.06	60.012	0.16967	60.465	0.15991
19.112	59.953	0.16988	60.405	0.16012
19.164	59.994	0.1699	60.448	0.16014
19.216	59.953	0.16985	60.407	0.16007
19.268	59.911	0.17066	60.366	0.16089
19.32	59.878	0.17045	60.334	0.16067
19.372	59.79	0.17082	60.245	0.16103
19.424	59.867	0.17094	60.323	0.16116
19.475	59.863	0.17076	60.319	0.16098
19.527	59.833	0.17124	60.288	0.16146
19.579	59.878	0.17046	60.335	0.16069
19.631	59.833	0.1703	60.29	0.16052
19.683	59.787	0.17138	60.245	0.16159
19.735	59.743	0.17177	60.201	0.16197
19.787	59.66	0.17241	60.119	0.1626
19.839	59.629	0.17189	60.089	0.16208
19.891	59.598	0.1725	60.06	0.16267
19.943	59.458	0.17327	59.921	0.16341
19.995	59.48	0.17366	59.944	0.16379
20.047	59.372	0.17408	59.837	0.16419
20.099	59.346	0.1749	59.811	0.16501
20.151	59.293	0.17516	59.759	0.16527
20.203	59.26	0.1747	59.728	0.16481
20.254	59.247	0.17525	59.715	0.16535
20.306	59.208	0.17504	59.676	0.16514
20.358	59.217	0.17493	59.685	0.16503
