Time	Fascicle Length R1_F1	Pennation Angle R1_F1	Fascicle Length R1_F2	Pennation Angle R1_F2	
0.055261	57.494	0.24006	51.638	0.25941
0.11052	57.516	0.23991	51.66	0.25927
0.16578	57.516	0.23964	51.659	0.25901
0.22104	57.542	0.23983	51.683	0.25921
0.2763	57.553	0.23968	51.695	0.25902
0.33156	57.596	0.23958	51.737	0.2589
0.38683	57.608	0.23992	51.749	0.25922
0.44209	57.635	0.23988	51.776	0.25913
0.49735	57.717	0.23908	51.853	0.25832
0.55261	57.75	0.23944	51.886	0.25861
0.60787	57.803	0.23865	51.937	0.25779
0.66313	57.847	0.23834	51.976	0.25748
0.71839	57.852	0.23838	51.982	0.25751
0.77365	57.889	0.23786	52.014	0.25701
0.82891	57.927	0.23763	52.05	0.25676
0.88417	57.951	0.23807	52.075	0.25716
0.93943	57.943	0.23749	52.07	0.25658
0.99469	57.98	0.23731	52.102	0.25639
1.05	58.023	0.23713	52.143	0.25621
1.1052	58.035	0.23741	52.156	0.25649
1.1605	58.091	0.2372	52.208	0.2563
1.2157	58.084	0.23685	52.202	0.25594
1.271	58.104	0.23684	52.223	0.25592
1.3263	58.157	0.23666	52.273	0.2557
1.3815	58.216	0.23665	52.328	0.25567
1.4368	58.21	0.23689	52.325	0.25591
1.492	58.24	0.23654	52.351	0.25555
1.5473	58.268	0.23666	52.377	0.25565
1.6026	58.268	0.23697	52.379	0.25598
1.6578	58.291	0.2371	52.402	0.25608
1.7131	58.301	0.23676	52.411	0.25575
1.7683	58.303	0.23739	52.415	0.25636
1.8236	58.334	0.23713	52.444	0.25608
1.8789	58.365	0.23652	52.473	0.25548
1.9341	58.442	0.23656	52.545	0.2555
1.9894	58.449	0.23685	52.554	0.25579
2.0447	58.474	0.23684	52.579	0.25577
2.0999	58.532	0.23677	52.635	0.25564
2.1552	58.561	0.23642	52.663	0.25524
2.2104	58.601	0.23563	52.7	0.25441
2.2657	58.687	0.23546	52.781	0.2542
2.321	58.741	0.23474	52.831	0.25345
2.3762	58.816	0.23437	52.902	0.25307
2.4315	58.839	0.23446	52.925	0.25311
2.4867	58.845	0.23495	52.934	0.25358
2.542	58.91	0.23439	52.992	0.25296
2.5973	58.945	0.23406	53.024	0.25259
2.6525	59.001	0.23361	53.077	0.25213
2.7078	59.054	0.23363	53.128	0.25211
2.763	59.083	0.23336	53.157	0.25183
2.8183	59.111	0.23302	53.184	0.25148
2.8736	59.183	0.23224	53.253	0.2507
2.9288	59.181	0.23257	53.255	0.25103
2.9841	59.263	0.23228	53.33	0.2507
3.0393	59.283	0.2322	53.351	0.25062
3.0946	59.314	0.23202	53.383	0.2504
3.1499	59.412	0.23144	53.472	0.24977
3.2051	59.411	0.23145	53.475	0.24976
3.2604	59.459	0.23092	53.518	0.2492
3.3156	59.501	0.23093	53.558	0.24919
3.3709	59.475	0.23104	53.537	0.24929
3.4262	59.558	0.23031	53.614	0.24852
3.4814	59.571	0.23048	53.628	0.24869
3.5367	59.657	0.23019	53.706	0.24835
3.592	59.675	0.22968	53.725	0.24781
3.6472	59.771	0.22946	53.813	0.24757
3.7025	59.741	0.22919	53.789	0.24729
3.7577	59.818	0.22886	53.86	0.24694
3.813	59.786	0.2286	53.833	0.2467
3.8683	59.865	0.2281	53.906	0.24617
3.9235	59.947	0.22833	53.983	0.24637
3.9788	59.91	0.22809	53.951	0.24614
4.034	59.97	0.22798	54.008	0.24601
4.0893	60.045	0.22812	54.078	0.24614
4.1446	60.05	0.22834	54.084	0.24634
4.1998	60.091	0.22817	54.123	0.24616
4.2551	60.098	0.22836	54.131	0.24635
4.3103	60.106	0.2281	54.139	0.24609
4.3656	60.172	0.22805	54.201	0.24601
4.4209	60.182	0.22784	54.211	0.2458
4.4761	60.234	0.22808	54.261	0.24602
4.5314	60.2	0.22789	54.232	0.24586
4.5866	60.283	0.22806	54.308	0.24601
4.6419	60.205	0.22808	54.238	0.24605
4.6972	60.274	0.22736	54.3	0.24533
4.7524	60.293	0.22762	54.318	0.24561
4.8077	60.272	0.22782	54.302	0.24581
4.863	60.26	0.22803	54.294	0.24606
4.9182	60.328	0.22799	54.356	0.24598
4.9735	60.386	0.22785	54.409	0.24582
5.0287	60.362	0.22759	54.391	0.24554
5.084	60.409	0.22705	54.436	0.24496
5.1393	60.526	0.22667	54.542	0.24456
5.1945	60.502	0.22683	54.523	0.24471
5.2498	60.581	0.22634	54.596	0.24417
5.305	60.603	0.22612	54.619	0.24393
5.3603	60.593	0.226	54.61	0.2438
5.4156	60.636	0.22574	54.651	0.24351
5.4708	60.714	0.22553	54.722	0.24329
5.5261	60.737	0.22543	54.748	0.24316
5.5813	60.769	0.22499	54.778	0.2427
5.6366	60.837	0.22512	54.843	0.24281
5.6919	60.84	0.2248	54.847	0.24248
5.7471	60.884	0.2246	54.888	0.24228
5.8024	60.931	0.2246	54.933	0.24227
5.8576	60.957	0.22476	54.959	0.24241
5.9129	60.968	0.22428	54.97	0.24193
5.9682	61.01	0.22383	55.009	0.24145
6.0234	61.094	0.22384	55.089	0.24144
6.0787	61.122	0.22406	55.119	0.24164
6.134	61.258	0.22319	55.243	0.24069
6.1892	61.273	0.2233	55.261	0.24079
6.2445	61.345	0.22298	55.328	0.24044
6.2997	61.39	0.22265	55.371	0.24008
6.355	61.468	0.2225	55.443	0.23991
6.4103	61.471	0.22278	55.448	0.2402
6.4655	61.54	0.22316	55.512	0.24055
6.5208	61.536	0.22286	55.511	0.24024
6.576	61.595	0.22168	55.565	0.23903
6.6313	61.644	0.2214	55.608	0.23873
6.6866	61.731	0.22106	55.69	0.23838
6.7418	61.7	0.22102	55.662	0.23834
6.7971	61.788	0.22051	55.744	0.23778
6.8523	61.81	0.21973	55.765	0.23698
6.9076	61.875	0.22005	55.827	0.23726
6.9629	61.972	0.21924	55.915	0.23641
7.0181	62.103	0.21892	56.038	0.23605
7.0734	62.048	0.21937	55.989	0.23652
7.1286	62.169	0.21894	56.1	0.23605
7.1839	62.139	0.21885	56.074	0.23596
7.2392	62.177	0.2186	56.109	0.2357
7.2944	62.163	0.21856	56.097	0.23569
7.3497	62.171	0.21849	56.105	0.2356
7.405	62.261	0.21803	56.188	0.23511
7.4602	62.207	0.21789	56.141	0.23499
7.5155	62.276	0.21745	56.205	0.23454
7.5707	62.31	0.21725	56.238	0.23431
7.626	62.421	0.21712	56.339	0.23416
7.6813	62.508	0.21712	56.421	0.23412
7.7365	62.556	0.21681	56.467	0.23378
7.7918	62.571	0.21672	56.482	0.23368
7.847	62.694	0.21621	56.594	0.23313
7.9023	62.741	0.21621	56.64	0.23311
7.9576	62.775	0.2159	56.672	0.23277
8.0128	62.789	0.21554	56.687	0.23239
8.0681	62.884	0.21458	56.775	0.23139
8.1233	62.883	0.21463	56.776	0.23145
8.1786	62.96	0.21434	56.849	0.23113
8.2339	63.019	0.21379	56.904	0.23055
8.2891	63.098	0.21316	56.976	0.22991
8.3444	63.124	0.21273	57.003	0.22947
8.3996	63.121	0.21256	57.002	0.2293
8.4549	63.289	0.21168	57.155	0.22838
8.5102	63.311	0.21163	57.176	0.22833
8.5654	63.301	0.21205	57.167	0.22874
8.6207	63.372	0.21228	57.235	0.22894
8.676	63.417	0.21173	57.277	0.22836
8.7312	63.379	0.21199	57.246	0.22863
8.7865	63.534	0.21176	57.387	0.22835
8.8417	63.475	0.21162	57.336	0.22823
8.897	63.507	0.21164	57.369	0.22823
8.9523	63.614	0.21119	57.465	0.22778
9.0075	63.535	0.21032	57.397	0.22692
9.0628	63.674	0.20952	57.523	0.2261
9.118	63.673	0.20924	57.524	0.22583
9.1733	63.743	0.20924	57.591	0.22583
9.2286	63.85	0.20867	57.688	0.22523
9.2838	63.81	0.20902	57.656	0.22556
9.3391	63.92	0.2085	57.758	0.22501
9.3943	63.991	0.20842	57.826	0.22491
9.4496	64.047	0.20823	57.88	0.22468
9.5049	64.151	0.20777	57.976	0.22417
9.5601	64.162	0.20835	57.988	0.22474
9.6154	64.224	0.20824	58.045	0.22461
9.6706	64.216	0.20807	58.04	0.22444
9.7259	64.277	0.20766	58.096	0.22401
9.7812	64.3	0.20727	58.117	0.22361
9.8364	64.301	0.20723	58.12	0.22355
9.8917	64.353	0.20665	58.166	0.22296
9.9469	64.403	0.20645	58.213	0.22273
10.002	64.361	0.20669	58.175	0.22297
10.057	64.442	0.20622	58.247	0.22249
10.113	64.362	0.20633	58.177	0.22261
10.168	64.442	0.20601	58.248	0.22229
10.223	64.436	0.20642	58.243	0.22271
10.279	64.367	0.20649	58.181	0.2228
10.334	64.383	0.20687	58.197	0.22315
10.389	64.438	0.20585	58.246	0.2221
10.444	64.476	0.20564	58.282	0.22188
10.5	64.483	0.20555	58.288	0.22179
10.555	64.465	0.20578	58.273	0.22203
10.61	64.497	0.20543	58.302	0.22167
10.665	64.476	0.2058	58.283	0.22205
10.721	64.462	0.20605	58.27	0.2223
10.776	64.467	0.20584	58.275	0.22207
10.831	64.432	0.20624	58.243	0.22247
10.886	64.426	0.20593	58.238	0.22215
10.942	64.397	0.20592	58.21	0.22215
10.997	64.387	0.20593	58.201	0.22217
11.052	64.401	0.20585	58.212	0.22212
11.107	64.306	0.20653	58.125	0.22283
11.163	64.289	0.20685	58.11	0.22315
11.218	64.289	0.2068	58.11	0.2231
11.273	64.27	0.2067	58.092	0.223
11.328	64.21	0.20679	58.035	0.22312
11.384	64.183	0.20667	58.007	0.22301
11.439	64.068	0.20687	57.9	0.22325
11.494	64.001	0.20749	57.84	0.22388
11.55	64.11	0.20739	57.939	0.22374
11.605	63.99	0.2079	57.831	0.22428
11.66	63.996	0.20746	57.837	0.22382
11.715	64.005	0.20722	57.843	0.22359
11.771	63.98	0.20739	57.821	0.22378
11.826	63.919	0.20709	57.762	0.22349
11.881	63.874	0.20712	57.72	0.22355
11.936	63.871	0.20782	57.715	0.22427
11.992	63.75	0.20824	57.605	0.22473
12.047	63.794	0.20808	57.644	0.22454
12.102	63.772	0.20802	57.623	0.22448
12.157	63.707	0.20848	57.563	0.22497
12.213	63.7	0.20848	57.553	0.22496
12.268	63.588	0.20909	57.45	0.22559
12.323	63.568	0.20894	57.429	0.22545
12.378	63.63	0.2101	57.487	0.2266
12.434	63.669	0.21022	57.521	0.2267
12.489	63.596	0.21011	57.454	0.22661
12.544	63.541	0.2102	57.404	0.22672
12.599	63.615	0.20993	57.469	0.22644
12.655	63.516	0.21058	57.379	0.22711
12.71	63.432	0.21061	57.302	0.22714
12.765	63.413	0.21074	57.284	0.22727
12.821	63.422	0.21078	57.293	0.22731
12.876	63.466	0.21141	57.329	0.22794
12.931	63.372	0.21235	57.242	0.22889
12.986	63.333	0.21281	57.205	0.22937
13.042	63.307	0.21283	57.181	0.22941
13.097	63.211	0.21345	57.091	0.23007
13.152	63.208	0.21342	57.089	0.23002
13.207	63.131	0.21408	57.019	0.23071
13.263	63.135	0.21345	57.02	0.23007
13.318	63.016	0.21376	56.91	0.23042
13.373	63.047	0.21473	56.937	0.23139
13.428	62.962	0.21453	56.86	0.23122
13.484	62.881	0.21499	56.784	0.23172
13.539	62.812	0.21499	56.722	0.23171
13.594	62.784	0.21458	56.692	0.23133
13.649	62.754	0.2148	56.665	0.23158
13.705	62.683	0.21511	56.6	0.23192
13.76	62.644	0.21499	56.561	0.23181
13.815	62.493	0.21585	56.424	0.23272
13.87	62.514	0.21616	56.442	0.23303
13.926	62.489	0.21621	56.418	0.23309
13.981	62.387	0.21698	56.324	0.23389
14.036	62.424	0.21707	56.355	0.23396
14.092	62.301	0.21761	56.246	0.23453
14.147	62.324	0.21729	56.265	0.23418
14.202	62.324	0.21757	56.265	0.23447
14.257	62.303	0.21776	56.245	0.23469
14.313	62.176	0.21785	56.13	0.23482
14.368	62.138	0.21871	56.094	0.23571
14.423	62.17	0.21851	56.12	0.23551
14.478	62.045	0.21935	56.007	0.23639
14.534	62.051	0.21887	56.011	0.2359
14.589	62.011	0.2189	55.974	0.23596
14.644	61.95	0.21938	55.918	0.23647
14.699	61.966	0.21879	55.93	0.23588
14.755	61.897	0.21987	55.866	0.23701
14.81	61.822	0.21975	55.797	0.23689
14.865	61.788	0.2199	55.765	0.23705
14.92	61.769	0.22019	55.748	0.23733
14.976	61.73	0.2202	55.709	0.23736
15.031	61.642	0.22041	55.63	0.23759
15.086	61.67	0.22027	55.655	0.23743
15.141	61.63	0.21967	55.619	0.23683
15.197	61.61	0.21977	55.599	0.23695
15.252	61.565	0.22011	55.556	0.23731
15.307	61.508	0.22048	55.505	0.23771
15.363	61.47	0.22061	55.47	0.23786
15.418	61.501	0.22094	55.498	0.23819
15.473	61.444	0.22086	55.449	0.23812
15.528	61.433	0.22128	55.439	0.23855
15.584	61.451	0.22146	55.454	0.23873
15.639	61.407	0.2216	55.413	0.23888
15.694	61.38	0.22173	55.389	0.23902
15.749	61.373	0.22162	55.38	0.2389
15.805	61.326	0.22173	55.336	0.23904
15.86	61.237	0.22198	55.257	0.23933
15.915	61.233	0.22182	55.251	0.23919
15.97	61.232	0.22159	55.247	0.23896
16.026	61.161	0.22139	55.181	0.23878
16.081	61.151	0.22157	55.171	0.23897
16.136	61.09	0.22177	55.112	0.23919
16.191	61.07	0.22155	55.092	0.23898
16.247	61.001	0.22169	55.028	0.23917
16.302	60.992	0.22186	55.019	0.23935
16.357	60.952	0.22173	54.981	0.23926
16.412	60.926	0.2222	54.955	0.23976
16.468	60.848	0.22239	54.884	0.23999
16.523	60.848	0.223	54.883	0.24059
16.578	60.858	0.22277	54.889	0.24036
16.634	60.809	0.2223	54.842	0.23991
16.689	60.774	0.22236	54.81	0.23999
16.744	60.776	0.22276	54.808	0.24041
16.799	60.721	0.22232	54.757	0.23999
16.855	60.69	0.22216	54.727	0.23984
16.91	60.667	0.22228	54.704	0.23998
16.965	60.697	0.22257	54.728	0.24029
17.02	60.654	0.22312	54.688	0.24088
17.076	60.591	0.22349	54.63	0.24128
17.131	60.583	0.22392	54.62	0.24173
17.186	60.524	0.22377	54.566	0.2416
17.241	60.516	0.22386	54.555	0.24171
17.297	60.451	0.22394	54.496	0.24181
17.352	60.398	0.2245	54.446	0.2424
17.407	60.389	0.22457	54.436	0.24248
17.462	60.357	0.22463	54.405	0.24258
17.518	60.276	0.22498	54.329	0.24298
17.573	60.271	0.22457	54.322	0.24258
17.628	60.16	0.22474	54.219	0.2428
17.683	60.097	0.22532	54.16	0.24341
17.739	60.121	0.22459	54.179	0.24267
17.794	60.07	0.22522	54.132	0.24334
17.849	60.016	0.22529	54.08	0.24346
17.905	59.96	0.22621	54.028	0.2444
17.96	59.917	0.22658	53.987	0.2448
18.015	59.856	0.22678	53.931	0.24502
18.07	59.86	0.22641	53.933	0.24466
18.126	59.856	0.22682	53.927	0.24508
18.181	59.853	0.22706	53.924	0.24534
18.236	59.789	0.22737	53.864	0.24568
18.291	59.763	0.22742	53.84	0.24573
18.347	59.722	0.22781	53.8	0.24612
18.402	59.763	0.22733	53.835	0.24565
18.457	59.664	0.22789	53.745	0.24625
18.512	59.652	0.2279	53.732	0.24629
18.568	59.614	0.22826	53.697	0.24667
18.623	59.595	0.2282	53.677	0.24664
18.678	59.589	0.22808	53.67	0.24653
18.733	59.508	0.22906	53.596	0.24755
18.789	59.503	0.22881	53.589	0.24731
18.844	59.467	0.22892	53.555	0.24743
18.899	59.397	0.22881	53.489	0.24737
18.954	59.392	0.22916	53.483	0.24772
19.01	59.39	0.22946	53.478	0.24803
19.065	59.316	0.22915	53.409	0.24772
19.12	59.29	0.22923	53.383	0.24781
19.176	59.241	0.22958	53.335	0.24816
19.231	59.175	0.22872	53.271	0.24732
19.286	59.204	0.22822	53.294	0.24684
19.341	59.088	0.22891	53.188	0.24758
19.397	59.089	0.22909	53.188	0.24778
19.452	59.103	0.22937	53.199	0.24808
19.507	59.03	0.22976	53.133	0.24851
19.562	59.043	0.23017	53.143	0.24893
19.618	58.995	0.23015	53.097	0.24893
19.673	58.963	0.23034	53.066	0.24916
19.728	58.941	0.2306	53.045	0.24946
19.783	58.922	0.23081	53.027	0.2497
19.839	58.894	0.23143	52.999	0.25033
19.894	58.815	0.23175	52.926	0.2507
19.949	58.809	0.23173	52.919	0.2507
20.004	58.802	0.23218	52.91	0.25116
20.06	58.745	0.23243	52.857	0.25144
20.115	58.751	0.23241	52.859	0.25143
20.17	58.69	0.23271	52.804	0.25174
20.225	58.678	0.23242	52.793	0.25147
20.281	58.666	0.23251	52.78	0.25158
20.336	58.621	0.23267	52.738	0.25177
20.391	58.593	0.23305	52.711	0.25216
20.447	58.56	0.23353	52.678	0.25266
20.502	58.549	0.23369	52.667	0.25284
20.557	58.483	0.23372	52.605	0.25293
20.612	58.46	0.23443	52.583	0.25368
20.668	58.461	0.23481	52.581	0.2541
20.723	58.381	0.23531	52.507	0.25466
20.778	58.322	0.23587	52.452	0.25526
20.833	58.34	0.2357	52.465	0.25509
20.889	58.279	0.23596	52.41	0.25539
20.944	58.269	0.23631	52.397	0.25575
20.999	58.206	0.23684	52.337	0.25633
21.054	58.151	0.23699	52.286	0.25653
21.11	58.17	0.23697	52.301	0.25651
21.165	58.073	0.23746	52.212	0.25705
21.22	58.089	0.2372	52.223	0.2568
21.275	58.012	0.23774	52.152	0.25737
21.331	58.004	0.23763	52.142	0.25728
21.386	57.948	0.23775	52.09	0.25746
21.441	57.889	0.23816	52.035	0.25791
21.496	57.89	0.23872	52.034	0.25851
21.552	57.828	0.23899	51.974	0.25883
21.607	57.776	0.23936	51.926	0.25924
21.662	57.724	0.2396	51.879	0.25951
21.718	57.749	0.2396	51.898	0.25951
21.773	57.652	0.23995	51.809	0.25993
21.828	57.665	0.24036	51.819	0.26035
21.883	57.664	0.24062	51.815	0.26063
21.939	57.629	0.24073	51.78	0.26077
