Time	Fascicle Length R1_F1	Pennation Angle R1_F1	Fascicle Length R1_F2	Pennation Angle R1_F2	Time	Fascicle Length R2_F1	Pennation Angle R2_F1	
0.055261	57.732	0.19956	60.59	0.16515	0.055261	47.676	0.57321
0.11052	57.766	0.19919	60.624	0.16478	0.11052	52.466	0.55316
0.16578	57.753	0.19915	60.607	0.16471	0.16578	52.466	0.55366
0.22104	57.798	0.19895	60.651	0.16455	0.22104	52.497	0.55371
0.2763	57.836	0.19915	60.687	0.16477	0.2763	52.517	0.55369
0.33156	57.87	0.1994	60.721	0.16507	0.33156	52.516	0.55341
0.38683	57.887	0.19931	60.738	0.16504	0.38683	52.508	0.55279
0.44209	57.905	0.19887	60.756	0.1646	0.44209	52.548	0.5527
0.49735	57.982	0.19874	60.834	0.16451	0.49735	52.575	0.55223
0.55261	58.013	0.19853	60.864	0.16432	0.55261	52.585	0.55257
0.60787	58.067	0.1978	60.92	0.16363	0.60787	52.643	0.55259
0.66313	58.077	0.19759	60.927	0.16342	0.66313	52.631	0.5532
0.71839	58.126	0.19751	60.978	0.16336	0.71839	52.662	0.55322
0.77365	58.125	0.1975	60.976	0.16337	0.77365	52.673	0.55279
0.82891	58.179	0.19717	61.031	0.16308	0.82891	52.703	0.5527
0.88417	58.223	0.19676	61.075	0.16271	0.88417	52.722	0.55287
0.93943	58.249	0.19661	61.101	0.16256	0.93943	52.744	0.55295
0.99469	58.28	0.19672	61.131	0.16272	0.99469	52.762	0.55235
1.05	58.325	0.19683	61.178	0.16287	1.05	52.777	0.55139
1.1052	58.385	0.19639	61.239	0.16249	1.1052	52.831	0.55097
1.1605	58.398	0.19614	61.251	0.16226	1.1605	52.851	0.55127
1.2157	58.497	0.19593	61.351	0.16213	1.2157	52.877	0.55075
1.271	58.493	0.19535	61.347	0.16154	1.271	52.89	0.55187
1.3263	58.52	0.19556	61.371	0.16178	1.3263	52.909	0.55121
1.3815	58.565	0.19506	61.418	0.16132	1.3815	52.913	0.55141
1.4368	58.538	0.19498	61.388	0.1612	1.4368	52.921	0.55201
1.492	58.631	0.19494	61.481	0.16124	1.492	52.941	0.55116
1.5473	58.633	0.19466	61.481	0.16096	1.5473	52.939	0.55189
1.6026	58.636	0.19445	61.484	0.16075	1.6026	52.946	0.55187
1.6578	58.707	0.19407	61.555	0.16043	1.6578	52.979	0.552
1.7131	58.733	0.19382	61.581	0.16018	1.7131	52.992	0.55227
1.7683	58.753	0.1941	61.598	0.16049	1.7683	53.024	0.55171
1.8236	58.836	0.19367	61.683	0.16015	1.8236	53.059	0.55078
1.8789	58.817	0.19374	61.662	0.16022	1.8789	53.053	0.55089
1.9341	58.821	0.1936	61.664	0.16009	1.9341	53.095	0.55098
1.9894	58.891	0.19342	61.736	0.15995	1.9894	53.087	0.55034
2.0447	58.906	0.19301	61.752	0.15959	2.0447	53.099	0.55033
2.0999	58.927	0.19243	61.772	0.159	2.0999	53.135	0.55093
2.1552	58.957	0.19233	61.801	0.15892	2.1552	53.152	0.55109
2.2104	59.023	0.19223	61.867	0.15888	2.2104	53.172	0.55068
2.2657	59.007	0.19215	61.851	0.15879	2.2657	53.174	0.55119
2.321	58.995	0.19196	61.838	0.15858	2.321	53.201	0.55132
2.3762	59.056	0.19198	61.899	0.15864	2.3762	53.225	0.55053
2.4315	59.043	0.19162	61.885	0.15828	2.4315	53.236	0.5511
2.4867	59.101	0.1915	61.943	0.15821	2.4867	53.248	0.55065
2.542	59.153	0.19118	61.996	0.15794	2.542	53.27	0.55041
2.5973	59.169	0.19111	62.01	0.15788	2.5973	53.278	0.55063
2.6525	59.206	0.19079	62.046	0.1576	2.6525	53.29	0.55081
2.7078	59.263	0.19074	62.104	0.1576	2.7078	53.319	0.55003
2.763	59.3	0.19053	62.14	0.15743	2.763	53.343	0.55006
2.8183	59.304	0.19056	62.142	0.15748	2.8183	53.354	0.55009
2.8736	59.401	0.18988	62.239	0.15689	2.8736	53.37	0.54987
2.9288	59.432	0.18995	62.27	0.15698	2.9288	53.379	0.54929
2.9841	59.48	0.18987	62.316	0.15696	2.9841	53.408	0.5486
3.0393	59.518	0.19022	62.353	0.15736	3.0393	53.405	0.54784
3.0946	59.578	0.18972	62.414	0.15692	3.0946	53.419	0.54824
3.1499	59.608	0.18944	62.444	0.15667	3.1499	53.433	0.54861
3.2051	59.69	0.1891	62.528	0.15639	3.2051	53.46	0.54828
3.2604	59.729	0.18908	62.566	0.15639	3.2604	53.484	0.54794
3.3156	59.778	0.18889	62.614	0.15627	3.3156	53.5	0.54739
3.3709	59.842	0.18865	62.679	0.15608	3.3709	53.54	0.54671
3.4262	59.883	0.18874	62.72	0.15622	3.4262	53.584	0.54667
3.4814	59.98	0.18868	62.82	0.15626	3.4814	53.636	0.54522
3.5367	60.012	0.18855	62.851	0.15617	3.5367	53.637	0.5454
3.592	60.043	0.18846	62.883	0.15612	3.592	53.669	0.54482
3.6472	60.071	0.18859	62.91	0.1563	3.6472	53.661	0.54467
3.7025	60.159	0.18863	63	0.1564	3.7025	53.687	0.54378
3.7577	60.198	0.18842	63.038	0.15623	3.7577	53.704	0.54384
3.813	60.199	0.18832	63.039	0.15615	3.813	53.72	0.5438
3.8683	60.244	0.18822	63.083	0.15608	3.8683	53.738	0.54362
3.9235	60.247	0.18823	63.085	0.15608	3.9235	53.754	0.54322
3.9788	60.307	0.18869	63.145	0.15659	3.9788	53.777	0.54205
4.034	60.301	0.18989	63.138	0.15779	4.034	53.769	0.54104
4.0893	60.389	0.18953	63.229	0.15753	4.0893	53.804	0.54004
4.1446	60.428	0.18898	63.267	0.15703	4.1446	53.811	0.54058
4.1998	60.471	0.18902	63.311	0.1571	4.1998	53.824	0.54031
4.2551	60.506	0.18898	63.347	0.1571	4.2551	53.844	0.54032
4.3103	60.548	0.18909	63.39	0.15725	4.3103	53.864	0.5398
4.3656	60.571	0.18852	63.412	0.15673	4.3656	53.907	0.53999
4.4209	60.655	0.18791	63.496	0.15618	4.4209	53.935	0.54001
4.4761	60.68	0.18797	63.52	0.15627	4.4761	53.939	0.53992
4.5314	60.697	0.18729	63.537	0.15562	4.5314	53.953	0.54009
4.5866	60.772	0.18686	63.612	0.15522	4.5866	53.974	0.54024
4.6419	60.802	0.18695	63.641	0.15535	4.6419	53.983	0.53982
4.6972	60.839	0.18654	63.679	0.15497	4.6972	54.027	0.53959
4.7524	60.868	0.18674	63.706	0.15521	4.7524	54.022	0.53893
4.8077	60.891	0.18662	63.728	0.15514	4.8077	54.013	0.53853
4.863	60.924	0.18639	63.761	0.15495	4.863	54.023	0.53823
4.9182	60.98	0.18629	63.819	0.15488	4.9182	54.043	0.53776
4.9735	61.027	0.18624	63.866	0.15487	4.9735	54.056	0.53777
5.0287	61.045	0.18613	63.882	0.15479	5.0287	54.08	0.53778
5.084	61.121	0.18563	63.96	0.15435	5.084	54.123	0.53758
5.1393	61.121	0.18533	63.957	0.15405	5.1393	54.101	0.53833
5.1945	61.119	0.18494	63.956	0.15367	5.1945	54.121	0.53929
5.2498	61.217	0.18506	64.058	0.15389	5.2498	54.158	0.5386
5.305	61.25	0.18451	64.092	0.15337	5.305	54.172	0.53907
5.3603	61.244	0.18437	64.084	0.15323	5.3603	54.172	0.53935
5.4156	61.289	0.18421	64.127	0.1531	5.4156	54.185	0.53868
5.4708	61.308	0.18411	64.144	0.15299	5.4708	54.206	0.53855
5.5261	61.322	0.18445	64.154	0.15335	5.5261	54.239	0.53808
5.5813	61.365	0.18476	64.197	0.15372	5.5813	54.211	0.53699
5.6366	61.412	0.18444	64.246	0.15346	5.6366	54.237	0.5363
5.6919	61.481	0.18401	64.315	0.15308	5.6919	54.266	0.53555
5.7471	61.467	0.18407	64.298	0.15313	5.7471	54.253	0.5358
5.8024	61.535	0.18423	64.367	0.15337	5.8024	54.277	0.53449
5.8576	61.585	0.18372	64.419	0.1529	5.8576	54.3	0.53471
5.9129	61.635	0.18355	64.47	0.15277	5.9129	54.306	0.53476
5.9682	61.667	0.18334	64.502	0.1526	5.9682	54.32	0.5348
6.0234	61.72	0.18293	64.557	0.15222	6.0234	54.327	0.5349
6.0787	61.728	0.18258	64.564	0.15186	6.0787	54.334	0.5355
6.134	61.798	0.18237	64.636	0.1517	6.134	54.355	0.53469
6.1892	61.842	0.18227	64.679	0.15163	6.1892	54.36	0.53469
6.2445	61.867	0.1818	64.705	0.15118	6.2445	54.353	0.53497
6.2997	61.946	0.18177	64.783	0.15122	6.2997	54.393	0.53399
6.355	61.956	0.18138	64.794	0.15085	6.355	54.397	0.53417
6.4103	62.025	0.18142	64.863	0.15094	6.4103	54.426	0.53342
6.4655	62.02	0.18105	64.857	0.15057	6.4655	54.446	0.53369
6.5208	62.058	0.18085	64.895	0.15041	6.5208	54.452	0.53313
6.576	62.098	0.18077	64.937	0.15036	6.576	54.465	0.53301
6.6313	62.108	0.18039	64.947	0.15	6.6313	54.494	0.53269
6.6866	62.178	0.17998	65.019	0.14962	6.6866	54.514	0.53268
6.7418	62.211	0.17975	65.054	0.14941	6.7418	54.544	0.53234
6.7971	62.204	0.17942	65.044	0.14907	6.7971	54.568	0.53277
6.8523	62.249	0.17894	65.091	0.14862	6.8523	54.591	0.53239
6.9076	62.253	0.17887	65.094	0.14854	6.9076	54.589	0.53244
6.9629	62.27	0.17839	65.112	0.14807	6.9629	54.609	0.5325
7.0181	62.292	0.17837	65.133	0.14807	7.0181	54.613	0.53203
7.0734	62.322	0.17818	65.164	0.14791	7.0734	54.639	0.53163
7.1286	62.301	0.1779	65.141	0.14762	7.1286	54.639	0.53202
7.1839	62.374	0.17756	65.217	0.14733	7.1839	54.663	0.53119
7.2392	62.349	0.17752	65.188	0.14727	7.2392	54.662	0.53138
7.2944	62.414	0.17724	65.256	0.14704	7.2944	54.721	0.5306
7.3497	62.417	0.17718	65.257	0.14699	7.3497	54.726	0.53059
7.405	62.473	0.17678	65.314	0.14663	7.405	54.754	0.53028
7.4602	62.44	0.17664	65.279	0.14648	7.4602	54.746	0.53052
7.5155	62.528	0.17618	65.37	0.14607	7.5155	54.786	0.52979
7.5707	62.516	0.17644	65.356	0.14633	7.5707	54.773	0.52987
7.626	62.562	0.17627	65.403	0.1462	7.626	54.801	0.52947
7.6813	62.594	0.1761	65.435	0.14606	7.6813	54.809	0.52926
7.7365	62.632	0.17599	65.474	0.14597	7.7365	54.829	0.52879
7.7918	62.691	0.17583	65.534	0.14586	7.7918	54.861	0.52853
7.847	62.703	0.1753	65.545	0.14536	7.847	54.865	0.52888
7.9023	62.769	0.17521	65.613	0.14531	7.9023	54.891	0.52823
7.9576	62.775	0.17496	65.619	0.14506	7.9576	54.886	0.52841
8.0128	62.8	0.17467	65.644	0.1448	8.0128	54.892	0.52862
8.0681	62.835	0.17456	65.68	0.1447	8.0681	54.907	0.52789
8.1233	62.853	0.17441	65.698	0.14456	8.1233	54.906	0.52821
8.1786	62.9	0.17422	65.746	0.14441	8.1786	54.932	0.52784
8.2339	62.937	0.17413	65.785	0.14435	8.2339	54.956	0.52725
8.2891	62.946	0.1739	65.795	0.14413	8.2891	54.964	0.52728
8.3444	62.981	0.17374	65.83	0.14399	8.3444	54.991	0.52688
8.3996	62.97	0.17376	65.818	0.14397	8.3996	54.997	0.52733
8.4549	62.999	0.17399	65.847	0.14423	8.4549	55.01	0.52643
8.5102	63.011	0.17391	65.858	0.14417	8.5102	55.015	0.52633
8.5654	63.031	0.17381	65.88	0.14408	8.5654	55.039	0.52628
8.6207	63.076	0.17386	65.926	0.14416	8.6207	55.047	0.52604
8.676	63.094	0.17332	65.944	0.14365	8.676	55.081	0.52568
8.7312	63.129	0.17328	65.979	0.1436	8.7312	55.114	0.52565
8.7865	63.15	0.17367	66.001	0.14402	8.7865	55.135	0.52473
8.8417	63.196	0.17359	66.048	0.14397	8.8417	55.153	0.52458
8.897	63.208	0.1732	66.06	0.1436	8.897	55.169	0.52431
8.9523	63.222	0.17282	66.075	0.1432	8.9523	55.175	0.52475
9.0075	63.224	0.17245	66.076	0.14283	9.0075	55.189	0.52469
9.0628	63.276	0.17266	66.129	0.14306	9.0628	55.194	0.52431
9.118	63.241	0.17234	66.093	0.1427	9.118	55.205	0.52482
9.1733	63.269	0.17249	66.12	0.14288	9.1733	55.218	0.52415
9.2286	63.32	0.17244	66.173	0.14286	9.2286	55.214	0.52405
9.2838	63.283	0.17209	66.135	0.14248	9.2838	55.214	0.52456
9.3391	63.344	0.17171	66.198	0.14214	9.3391	55.212	0.52392
9.3943	63.366	0.17099	66.22	0.14141	9.3943	55.228	0.52492
9.4496	63.352	0.17064	66.206	0.14104	9.4496	55.257	0.52465
9.5049	63.393	0.17059	66.247	0.141	9.5049	55.266	0.52469
9.5601	63.374	0.17072	66.225	0.14113	9.5601	55.248	0.52444
9.6154	63.442	0.17083	66.295	0.14126	9.6154	55.258	0.52398
9.6706	63.46	0.17074	66.315	0.14118	9.6706	55.28	0.52395
9.7259	63.484	0.17074	66.339	0.14118	9.7259	55.288	0.52397
9.7812	63.501	0.17024	66.355	0.14071	9.7812	55.324	0.52367
9.8364	63.534	0.17045	66.387	0.14093	9.8364	55.32	0.52358
9.8917	63.531	0.17063	66.384	0.14113	9.8917	55.327	0.52346
9.9469	63.602	0.17036	66.457	0.14092	9.9469	55.363	0.52281
10.002	63.627	0.17032	66.483	0.14087	10.002	55.352	0.52303
10.057	63.641	0.16993	66.497	0.1405	10.057	55.36	0.52323
10.113	63.667	0.16951	66.522	0.14009	10.113	55.373	0.52329
10.168	63.697	0.16963	66.553	0.1402	10.168	55.389	0.52315
10.223	63.658	0.16978	66.513	0.14035	10.223	55.39	0.52276
10.279	63.77	0.16991	66.627	0.14054	10.279	55.416	0.52179
10.334	63.765	0.17002	66.623	0.14063	10.334	55.412	0.52224
10.389	63.782	0.16998	66.64	0.14061	10.389	55.429	0.52202
10.444	63.843	0.16934	66.702	0.14	10.444	55.449	0.52193
10.5	63.797	0.16978	66.655	0.14039	10.5	55.465	0.52241
10.555	63.839	0.16993	66.697	0.14058	10.555	55.493	0.52145
10.61	63.856	0.16981	66.715	0.14047	10.61	55.502	0.52135
10.665	63.89	0.16961	66.749	0.1403	10.665	55.505	0.52132
10.721	63.872	0.16972	66.732	0.14037	10.721	55.543	0.52137
10.776	63.907	0.16984	66.767	0.14051	10.776	55.552	0.52097
10.831	63.914	0.16961	66.772	0.14028	10.831	55.547	0.52088
10.886	63.918	0.16946	66.777	0.14012	10.886	55.543	0.52128
10.942	63.956	0.1684	66.814	0.1391	10.942	55.557	0.52144
10.997	63.983	0.16836	66.84	0.13905	10.997	55.562	0.52174
11.052	63.999	0.16813	66.857	0.13883	11.052	55.592	0.52162
11.107	64.018	0.16796	66.875	0.13867	11.107	55.6	0.52143
11.163	64.005	0.16793	66.861	0.13863	11.163	55.608	0.52163
11.218	64.057	0.16777	66.916	0.13847	11.218	55.635	0.52154
11.273	64.07	0.16795	66.928	0.13865	11.273	55.634	0.52163
11.328	64.053	0.16801	66.91	0.1387	11.328	55.63	0.52161
11.384	64.13	0.16732	66.989	0.13806	11.384	55.651	0.52152
11.439	64.116	0.16734	66.973	0.13806	11.439	55.639	0.52179
11.494	64.092	0.16694	66.948	0.13767	11.494	55.651	0.52236
11.55	64.151	0.16681	67.008	0.13755	11.55	55.673	0.52171
11.605	64.169	0.16688	67.025	0.13762	11.605	55.669	0.52198
11.66	64.178	0.16679	67.034	0.13755	11.66	55.679	0.52201
11.715	64.196	0.16696	67.051	0.13773	11.715	55.677	0.52199
11.771	64.229	0.16704	67.085	0.13783	11.771	55.689	0.52159
11.826	64.283	0.16642	67.14	0.13723	11.826	55.709	0.52176
11.881	64.266	0.16643	67.122	0.13723	11.881	55.698	0.52165
11.936	64.313	0.16622	67.17	0.13704	11.936	55.722	0.52146
11.992	64.314	0.16636	67.17	0.13717	11.992	55.725	0.52142
12.047	64.346	0.16605	67.202	0.13688	12.047	55.746	0.52127
12.102	64.342	0.16592	67.196	0.13675	12.102	55.749	0.52158
12.157	64.372	0.16622	67.227	0.13706	12.157	55.759	0.52061
12.213	64.454	0.16608	67.309	0.13695	12.213	55.781	0.52003
12.268	64.407	0.16572	67.261	0.13657	12.268	55.791	0.52092
12.323	64.44	0.16565	67.293	0.13649	12.323	55.809	0.52084
12.378	64.454	0.16497	67.308	0.13582	12.378	55.815	0.52132
12.434	64.508	0.16523	67.363	0.1361	12.434	55.83	0.5209
12.489	64.503	0.16472	67.357	0.13559	12.489	55.831	0.52125
12.544	64.538	0.1644	67.392	0.13527	12.544	55.844	0.52139
12.599	64.55	0.16432	67.405	0.13519	12.599	55.858	0.52132
12.655	64.567	0.16426	67.421	0.13513	12.655	55.854	0.52116
12.71	64.586	0.16461	67.44	0.13549	12.71	55.859	0.52094
12.765	64.619	0.16433	67.474	0.13525	12.765	55.861	0.52073
12.821	64.648	0.1638	67.504	0.13471	12.821	55.882	0.52095
12.876	64.67	0.16384	67.526	0.13476	12.876	55.896	0.52107
12.931	64.692	0.16303	67.549	0.13396	12.931	55.891	0.52172
12.986	64.725	0.163	67.582	0.13392	12.986	55.892	0.52152
13.042	64.743	0.16279	67.6	0.13371	13.042	55.897	0.52171
13.097	64.763	0.16261	67.621	0.13354	13.097	55.904	0.52211
13.152	64.796	0.16265	67.653	0.13359	13.152	55.908	0.52166
13.207	64.81	0.16258	67.668	0.13353	13.207	55.917	0.52129
13.263	64.832	0.16235	67.69	0.1333	13.263	55.935	0.52152
13.318	64.838	0.16174	67.697	0.13268	13.318	55.944	0.5221
13.373	64.861	0.16195	67.719	0.13289	13.373	55.951	0.52154
13.428	64.881	0.16233	67.74	0.13328	13.428	55.951	0.52141
13.484	64.901	0.16197	67.76	0.13295	13.484	55.965	0.52142
13.539	64.917	0.16216	67.776	0.13313	13.539	55.969	0.52114
13.594	64.925	0.16226	67.783	0.13325	13.594	55.976	0.52073
13.649	64.921	0.16224	67.779	0.13322	13.649	55.992	0.52074
13.705	64.921	0.16231	67.779	0.1333	13.705	55.997	0.5203
13.76	64.943	0.1625	67.8	0.1335	13.76	56.01	0.52016
13.815	64.936	0.16252	67.793	0.13351	13.815	56.003	0.52019
13.87	64.978	0.16256	67.835	0.13357	13.87	56.023	0.51972
13.926	64.954	0.16174	67.812	0.13273	13.926	55.999	0.52085
13.981	64.979	0.16166	67.837	0.13266	13.981	56	0.52018
14.036	64.989	0.16179	67.847	0.13278	14.036	55.991	0.52029
14.092	65.007	0.16101	67.866	0.132	14.092	56.018	0.52052
14.147	65.032	0.1616	67.89	0.1326	14.147	56.009	0.51979
14.202	65.05	0.16135	67.908	0.13237	14.202	56.025	0.51961
14.257	65.052	0.16149	67.908	0.1325	14.257	56.034	0.5195
14.313	65.05	0.16119	67.907	0.1322	14.313	56.05	0.51964
14.368	65.069	0.16149	67.925	0.1325	14.368	56.04	0.51938
14.423	65.084	0.16126	67.939	0.13227	14.423	56.055	0.51949
14.478	65.079	0.16135	67.934	0.13236	14.478	56.058	0.51956
14.534	65.103	0.16083	67.959	0.13185	14.534	56.069	0.51934
14.589	65.11	0.161	67.964	0.13202	14.589	56.065	0.51951
14.644	65.136	0.16088	67.991	0.13192	14.644	56.07	0.51914
14.699	65.174	0.16112	68.029	0.13216	14.699	56.083	0.51885
14.755	65.15	0.16101	68.005	0.13204	14.755	56.079	0.51902
14.81	65.184	0.16118	68.041	0.13222	14.81	56.08	0.51887
14.865	65.184	0.16069	68.042	0.13173	14.865	56.079	0.51951
14.92	65.246	0.16092	68.104	0.13199	14.92	56.077	0.51913
14.976	65.281	0.16043	68.141	0.13152	14.976	56.094	0.51947
15.031	65.287	0.16058	68.147	0.13167	15.031	56.109	0.51899
15.086	65.298	0.16074	68.157	0.13183	15.086	56.112	0.5187
15.141	65.284	0.16044	68.144	0.13151	15.141	56.137	0.51864
15.197	65.304	0.16068	68.163	0.13175	15.197	56.146	0.51793
15.252	65.309	0.16081	68.168	0.13187	15.252	56.171	0.51772
15.307	65.297	0.16075	68.155	0.13181	15.307	56.171	0.51764
15.363	65.299	0.16055	68.157	0.1316	15.363	56.152	0.51778
15.418	65.315	0.16054	68.174	0.1316	15.418	56.172	0.51729
15.473	65.305	0.16052	68.163	0.13155	15.473	56.191	0.51757
15.528	65.313	0.16041	68.17	0.13143	15.528	56.185	0.51725
15.584	65.308	0.16076	68.164	0.13177	15.584	56.196	0.51674
15.639	65.355	0.16058	68.215	0.13162	15.639	56.226	0.51656
15.694	65.35	0.1605	68.207	0.13155	15.694	56.211	0.51661
15.749	65.346	0.16047	68.204	0.1315	15.749	56.217	0.51702
15.805	65.371	0.16023	68.229	0.13128	15.805	56.218	0.51708
15.86	65.421	0.16034	68.281	0.13141	15.86	56.219	0.51707
15.915	65.398	0.16038	68.257	0.13143	15.915	56.214	0.51745
15.97	65.406	0.16194	68.264	0.13298	15.97	56.216	0.51631
16.026	65.471	0.16204	68.332	0.13312	16.026	56.228	0.51563
16.081	65.456	0.16132	68.316	0.13238	16.081	56.257	0.51639
16.136	65.478	0.16158	68.337	0.13264	16.136	56.235	0.51623
16.191	65.486	0.16189	68.345	0.13295	16.191	56.243	0.51604
16.247	65.531	0.1618	68.39	0.13288	16.247	56.277	0.5152
16.302	65.502	0.16246	68.361	0.13354	16.302	56.256	0.51463
16.357	65.521	0.16197	68.381	0.13306	16.357	56.267	0.51497
16.412	65.546	0.16216	68.407	0.13325	16.412	56.263	0.51486
16.468	65.563	0.16171	68.426	0.1328	16.468	56.26	0.5156
16.523	65.585	0.16142	68.447	0.13251	16.523	56.275	0.51561
16.578	65.586	0.16177	68.449	0.13285	16.578	56.285	0.5153
16.634	65.6	0.16196	68.462	0.13304	16.634	56.271	0.51532
16.689	65.606	0.16146	68.468	0.13255	16.689	56.287	0.51559
16.744	65.614	0.16125	68.477	0.13232	16.744	56.298	0.51552
16.799	65.636	0.16109	68.498	0.13215	16.799	56.301	0.51546
16.855	65.617	0.16104	68.479	0.13207	16.855	56.3	0.51564
16.91	65.618	0.16147	68.479	0.1325	16.91	56.285	0.51533
16.965	65.667	0.1613	68.528	0.13237	16.965	56.315	0.51505
17.02	65.67	0.16171	68.532	0.13276	17.02	56.315	0.51494
17.076	65.693	0.16159	68.556	0.13266	17.076	56.314	0.51495
17.131	65.688	0.16194	68.55	0.13298	17.131	56.3	0.51466
17.186	65.698	0.1616	68.56	0.13265	17.186	56.331	0.51409
17.241	65.701	0.16231	68.563	0.13335	17.241	56.322	0.51361
17.297	65.734	0.16289	68.598	0.13396	17.297	56.322	0.51287
17.352	65.678	0.1626	68.541	0.13364	17.352	56.329	0.51344
17.407	65.716	0.16304	68.581	0.1341	17.407	56.326	0.51315
17.462	65.739	0.16349	68.603	0.13456	17.462	56.323	0.51289
17.518	65.763	0.16319	68.628	0.13427	17.518	56.327	0.51346
17.573	65.739	0.1628	68.603	0.13385	17.573	56.356	0.51335
17.628	65.792	0.16331	68.656	0.13437	17.628	56.35	0.51251
17.683	65.77	0.16339	68.635	0.13444	17.683	56.352	0.5129
17.739	65.799	0.1635	68.664	0.13457	17.739	56.361	0.5125
17.794	65.807	0.16355	68.673	0.13461	17.794	56.348	0.51268
17.849	65.817	0.16344	68.683	0.1345	17.849	56.377	0.51252
17.905	65.82	0.16352	68.687	0.13456	17.905	56.38	0.51219
17.96	65.819	0.1638	68.685	0.13483	17.96	56.369	0.51217
18.015	65.834	0.16426	68.699	0.13531	18.015	56.363	0.51154
18.07	65.867	0.1645	68.732	0.13557	18.07	56.376	0.51123
18.126	65.855	0.16485	68.719	0.13591	18.126	56.371	0.51102
18.181	65.833	0.16518	68.697	0.13622	18.181	56.356	0.51094
18.236	65.848	0.16445	68.713	0.13549	18.236	56.401	0.51091
18.291	65.854	0.16455	68.718	0.13558	18.291	56.412	0.51087
18.347	65.792	0.16445	68.654	0.13546	18.347	56.404	0.51135
18.402	65.804	0.16457	68.666	0.13559	18.402	56.398	0.51099
18.457	65.859	0.16429	68.723	0.13533	18.457	56.396	0.51111
18.512	65.879	0.16445	68.743	0.1355	18.512	56.4	0.5111
18.568	65.89	0.16472	68.753	0.13578	18.568	56.43	0.51071
18.623	65.863	0.16599	68.725	0.13703	18.623	56.385	0.5095
18.678	65.893	0.1652	68.757	0.13626	18.678	56.408	0.51035
18.733	65.944	0.16468	68.81	0.13575	18.733	56.424	0.51026
18.789	65.91	0.16486	68.773	0.13589	18.789	56.398	0.5105
18.844	65.896	0.16516	68.758	0.13616	18.844	56.396	0.51084
18.899	65.905	0.16496	68.766	0.13596	18.899	56.375	0.51079
18.954	65.956	0.16572	68.818	0.13674	18.954	56.37	0.51001
19.01	65.938	0.16556	68.799	0.13659	19.01	56.376	0.51034
19.065	65.944	0.16525	68.805	0.13629	19.065	56.379	0.51056
19.12	65.964	0.16548	68.825	0.13653	19.12	56.372	0.51035
19.176	65.995	0.16583	68.858	0.13689	19.176	56.371	0.5102
19.231	65.976	0.16509	68.839	0.13615	19.231	56.393	0.51055
19.286	66.002	0.16506	68.865	0.13613	19.286	56.406	0.51032
19.341	65.974	0.16553	68.838	0.13659	19.341	56.382	0.5106
19.397	65.976	0.16515	68.84	0.13621	19.397	56.402	0.5108
19.452	65.985	0.16527	68.849	0.13634	19.452	56.389	0.51047
19.507	65.992	0.16548	68.855	0.13654	19.507	56.389	0.51021
19.562	66.009	0.16538	68.874	0.13644	19.562	56.394	0.50987
19.618	66.001	0.16569	68.865	0.13674	19.618	56.381	0.50966
19.673	65.965	0.16593	68.828	0.13698	19.673	56.374	0.50963
19.728	65.973	0.16584	68.837	0.13689	19.728	56.363	0.50936
19.783	65.997	0.16566	68.862	0.13672	19.783	56.372	0.50942
19.839	66.012	0.16565	68.878	0.13672	19.839	56.355	0.50915
19.894	65.976	0.16633	68.843	0.13738	19.894	56.341	0.5087
19.949	65.977	0.16589	68.843	0.13692	19.949	56.332	0.5091
20.004	66.007	0.16654	68.874	0.13758	20.004	56.33	0.50839
20.06	65.946	0.16672	68.812	0.13774	20.06	56.316	0.50894
20.115	65.977	0.16653	68.844	0.13757	20.115	56.305	0.50865
20.17	65.984	0.16646	68.852	0.13749	20.17	56.291	0.50901
20.225	65.996	0.16622	68.864	0.13725	20.225	56.297	0.50882
20.281	65.977	0.16662	68.845	0.13765	20.281	56.312	0.50879
20.336	65.898	0.16733	68.762	0.13835	20.336	56.296	0.50876
20.391	65.856	0.16837	68.718	0.13938	20.391	56.344	0.50776
20.447	65.828	0.16862	68.689	0.1396	20.447	56.333	0.50736
20.502	65.86	0.16838	68.722	0.13937	20.502	56.297	0.507
20.557	65.885	0.16744	68.749	0.13844	20.557	56.28	0.50794
20.612	65.896	0.16718	68.759	0.13817	20.612	56.292	0.50791
20.668	65.897	0.16682	68.761	0.13782	20.668	56.276	0.50869
20.723	65.893	0.16681	68.756	0.13781	20.723	56.288	0.50841
20.778	65.917	0.16644	68.782	0.13746	20.778	56.282	0.50883
20.833	65.914	0.1664	68.778	0.13741	20.833	56.269	0.50917
20.889	65.922	0.16594	68.789	0.13693	20.889	56.281	0.50943
20.944	65.905	0.16636	68.77	0.13733	20.944	56.266	0.50949
20.999	65.931	0.16635	68.795	0.13736	20.999	56.26	0.509
21.054	65.91	0.16639	68.774	0.13742	21.054	56.256	0.50935
21.11	65.925	0.16634	68.788	0.13738	21.11	56.251	0.50922
21.165	65.932	0.16621	68.795	0.13725	21.165	56.251	0.50947
21.22	65.929	0.16598	68.793	0.13703	21.22	56.241	0.50961
21.275	65.912	0.1661	68.776	0.13713	21.275	56.236	0.5097
21.331	65.915	0.16617	68.778	0.13721	21.331	56.243	0.50992
21.386	65.938	0.16579	68.802	0.13685	21.386	56.244	0.51029
21.441	65.908	0.16635	68.77	0.13741	21.441	56.228	0.50978
21.496	65.917	0.16636	68.779	0.13742	21.496	56.228	0.50993
21.552	65.927	0.16611	68.79	0.13717	21.552	56.219	0.5101
21.607	65.936	0.16595	68.798	0.137	21.607	56.22	0.51031
21.662	65.951	0.16633	68.814	0.13738	21.662	56.228	0.51023
21.718	65.945	0.16631	68.808	0.13736	21.718	56.223	0.51067
21.773	65.946	0.16649	68.808	0.13756	21.773	56.215	0.51062
21.828	65.95	0.16624	68.814	0.13733	21.828	56.212	0.5106
21.883	65.937	0.16604	68.8	0.13712	21.883	56.206	0.51083
21.939	65.926	0.16641	68.788	0.1375	21.939	56.192	0.5104
21.994	65.923	0.16629	68.785	0.13738	21.994	56.191	0.51017
