Time	Fascicle Length R1_F1	Pennation Angle R1_F1	
0.051935	48.422	0.24583
0.10387	48.43	0.2457
0.1558	48.416	0.24526
0.20774	48.47	0.24432
0.25967	48.489	0.24409
0.31161	48.551	0.24365
0.36354	48.557	0.24356
0.41548	48.672	0.24319
0.46741	48.703	0.24263
0.51935	48.743	0.24229
0.57128	48.817	0.24171
0.62321	48.835	0.24176
0.67515	48.841	0.24162
0.72708	48.948	0.24218
0.77902	48.915	0.2418
0.83095	49.005	0.24194
0.88289	49.053	0.24153
0.93482	49.061	0.24056
0.98676	49.072	0.24006
1.0387	49.082	0.23947
1.0906	49.038	0.23929
1.1426	49.069	0.23873
1.1945	49.062	0.23836
1.2464	48.999	0.23799
1.2984	48.936	0.23741
1.3503	48.938	0.23716
1.4022	49.051	0.23608
1.4542	49.055	0.23603
1.5061	49.092	0.23521
1.558	49.121	0.23507
1.61	49.133	0.23489
1.6619	49.195	0.23427
1.7138	49.193	0.23397
1.7658	49.254	0.23371
1.8177	49.275	0.23341
1.8696	49.293	0.23363
1.9216	49.354	0.23312
1.9735	49.382	0.23221
2.0254	49.394	0.23223
2.0774	49.433	0.23178
2.1293	49.505	0.23108
2.1813	49.502	0.23077
2.2332	49.572	0.23024
2.2851	49.627	0.23015
2.3371	49.624	0.22959
2.389	49.687	0.22912
2.4409	49.741	0.22896
2.4929	49.727	0.2288
2.5448	49.768	0.22859
2.5967	49.766	0.22798
2.6487	49.735	0.22775
2.7006	49.89	0.22788
2.7525	49.899	0.22748
2.8045	50.039	0.22712
2.8564	50.042	0.22665
2.9083	50.084	0.22659
2.9603	50.145	0.22647
3.0122	50.192	0.22594
3.0641	50.255	0.22561
3.1161	50.369	0.22542
3.168	50.453	0.22496
3.2199	50.533	0.22517
3.2719	50.545	0.22511
3.3238	50.593	0.22518
3.3757	50.692	0.22547
3.4277	50.646	0.22491
3.4796	50.747	0.22482
3.5316	50.855	0.22396
3.5835	50.818	0.22399
3.6354	50.869	0.22353
3.6874	50.909	0.22368
3.7393	50.822	0.22351
3.7912	50.884	0.22245
3.8432	50.931	0.22259
3.8951	50.931	0.22204
3.947	50.939	0.22201
3.999	51.015	0.2221
4.0509	51.044	0.22111
4.1028	51.033	0.22155
4.1548	51.08	0.22099
4.2067	51.134	0.22082
4.2586	51.117	0.22058
4.3106	51.171	0.22078
4.3625	51.263	0.22057
4.4144	51.291	0.21992
4.4664	51.353	0.21973
4.5183	51.429	0.21971
4.5702	51.435	0.21965
4.6222	51.48	0.21964
4.6741	51.517	0.21998
4.726	51.482	0.21963
4.778	51.538	0.21878
4.8299	51.552	0.21939
4.8818	51.547	0.21885
4.9338	51.575	0.21843
4.9857	51.601	0.21796
5.0377	51.677	0.21813
5.0896	51.714	0.2171
5.1415	51.644	0.21728
5.1935	51.681	0.21674
5.2454	51.763	0.21613
5.2973	51.75	0.21573
5.3493	51.815	0.21559
5.4012	51.837	0.21498
5.4531	51.879	0.21477
5.5051	51.826	0.2145
5.557	51.916	0.21413
5.6089	51.923	0.21321
5.6609	51.963	0.21336
5.7128	52.023	0.21285
5.7647	51.984	0.21311
5.8167	52.004	0.21288
5.8686	52.069	0.21262
5.9205	52.081	0.2123
5.9725	52.082	0.21235
6.0244	52.086	0.21254
6.0763	52.165	0.21265
6.1283	52.156	0.21208
6.1802	52.152	0.21209
6.2321	52.264	0.21155
6.2841	52.256	0.21182
6.336	52.265	0.2115
6.388	52.309	0.21178
6.4399	52.341	0.21098
6.4918	52.363	0.21131
6.5438	52.48	0.21128
6.5957	52.452	0.21135
6.6476	52.492	0.21098
6.6996	52.536	0.21066
6.7515	52.518	0.21027
6.8034	52.627	0.20987
6.8554	52.586	0.21045
6.9073	52.624	0.21049
6.9592	52.654	0.21108
7.0112	52.735	0.21062
7.0631	52.69	0.2109
7.115	52.682	0.21068
7.167	52.764	0.21134
7.2189	52.725	0.21155
7.2708	52.839	0.21143
7.3228	52.904	0.21215
7.3747	52.886	0.21142
7.4266	52.837	0.2112
7.4786	52.924	0.21063
7.5305	52.92	0.21053
7.5824	52.986	0.20992
7.6344	52.952	0.21024
7.6863	53.057	0.21035
7.7382	53.085	0.21026
7.7902	53.082	0.20951
7.8421	53.165	0.20991
7.8941	53.18	0.20954
7.946	53.152	0.20953
7.9979	53.255	0.20963
8.0499	53.227	0.20944
8.1018	53.297	0.20907
8.1537	53.443	0.20915
8.2057	53.388	0.21005
8.2576	53.493	0.209
8.3095	53.537	0.20811
8.3615	53.505	0.20853
8.4134	53.617	0.20853
8.4653	53.528	0.20918
8.5173	53.708	0.20835
8.5692	53.71	0.20785
8.6211	53.772	0.20729
8.6731	53.89	0.20695
8.725	53.862	0.20679
8.7769	53.88	0.20712
8.8289	53.927	0.20694
8.8808	53.936	0.20716
8.9327	53.897	0.20738
8.9847	53.922	0.20705
9.0366	53.909	0.20731
9.0885	53.954	0.20843
9.1405	53.951	0.20791
9.1924	53.923	0.20828
9.2444	54.018	0.20864
9.2963	53.945	0.20926
9.3482	54.018	0.21015
9.4002	54.137	0.20945
9.4521	54.097	0.2103
9.504	54.267	0.2105
9.556	54.307	0.21047
9.6079	54.337	0.21071
9.6598	54.408	0.21063
9.7118	54.454	0.21052
9.7637	54.456	0.2097
9.8156	54.587	0.20946
9.8676	54.664	0.20879
9.9195	54.635	0.20867
9.9714	54.77	0.20799
10.023	54.718	0.20824
10.075	54.733	0.20773
10.127	54.753	0.20736
10.179	54.73	0.20757
10.231	54.781	0.20782
10.283	54.757	0.20767
10.335	54.903	0.20748
10.387	54.92	0.20765
10.439	54.957	0.20796
10.491	55.071	0.20781
10.543	55.086	0.20794
10.595	55.115	0.20825
10.647	55.166	0.20881
10.699	55.168	0.20825
10.75	55.196	0.20726
10.802	55.259	0.20746
10.854	55.299	0.20709
10.906	55.293	0.20747
10.958	55.355	0.20751
11.01	55.4	0.20788
11.062	55.459	0.20792
11.114	55.438	0.20865
11.166	55.607	0.20699
11.218	55.664	0.20655
11.27	55.707	0.20679
11.322	55.627	0.20687
11.374	55.685	0.20664
11.426	55.657	0.20642
11.478	55.696	0.20513
11.529	55.724	0.20502
11.581	55.769	0.20443
11.633	55.744	0.20416
11.685	55.721	0.20414
11.737	55.805	0.20428
11.789	55.844	0.20418
11.841	55.871	0.20387
11.893	55.852	0.20344
11.945	55.863	0.20293
11.997	55.912	0.20312
12.049	56.01	0.20248
12.101	56.017	0.20195
12.153	56.043	0.20201
12.205	56.013	0.20249
12.257	56.084	0.20224
12.308	56.101	0.20156
12.36	56.091	0.20131
12.412	56.137	0.20077
12.464	56.183	0.20014
12.516	56.151	0.20037
12.568	56.245	0.20047
12.62	56.203	0.20015
12.672	56.232	0.20015
12.724	56.26	0.20058
12.776	56.23	0.20075
12.828	56.309	0.20073
12.88	56.333	0.20131
12.932	56.429	0.20029
12.984	56.365	0.20087
13.036	56.484	0.20067
13.088	56.424	0.20113
13.139	56.482	0.20208
13.191	56.502	0.20199
13.243	56.541	0.20214
13.295	56.562	0.20164
13.347	56.579	0.20172
13.399	56.621	0.20155
13.451	56.575	0.20237
13.503	56.62	0.20254
13.555	56.616	0.20237
13.607	56.611	0.2024
13.659	56.698	0.20271
13.711	56.765	0.20287
13.763	56.84	0.20299
13.815	56.787	0.20327
13.867	56.91	0.20304
13.918	56.876	0.20268
13.97	56.913	0.20319
14.022	56.929	0.20325
14.074	56.938	0.20288
14.126	56.997	0.20322
14.178	57.017	0.20286
14.23	57.1	0.20264
14.282	57.064	0.20323
14.334	57.103	0.20313
14.386	57.103	0.20274
14.438	57.048	0.20188
14.49	57.166	0.20149
14.542	57.186	0.20175
14.594	57.179	0.202
14.646	57.223	0.20205
14.697	57.228	0.20239
14.749	57.135	0.20258
14.801	57.198	0.20258
14.853	57.286	0.20248
14.905	57.302	0.20262
14.957	57.297	0.20247
15.009	57.369	0.20226
15.061	57.386	0.2026
15.113	57.376	0.20242
15.165	57.407	0.20324
15.217	57.374	0.20298
15.269	57.406	0.20316
15.321	57.428	0.20335
15.373	57.431	0.20367
15.425	57.431	0.20332
15.476	57.396	0.20357
15.528	57.438	0.20355
15.58	57.461	0.20356
15.632	57.354	0.20358
15.684	57.457	0.2034
15.736	57.467	0.20368
15.788	57.424	0.20319
15.84	57.497	0.20305
15.892	57.458	0.20341
15.944	57.404	0.20371
15.996	57.452	0.20386
16.048	57.479	0.20365
16.1	57.432	0.2037
16.152	57.464	0.20374
16.204	57.46	0.20358
16.256	57.468	0.20343
16.307	57.376	0.20363
16.359	57.409	0.20345
16.411	57.371	0.20379
16.463	57.345	0.20424
16.515	57.398	0.20374
16.567	57.319	0.20424
16.619	57.346	0.2042
16.671	57.337	0.20465
16.723	57.275	0.20481
16.775	57.295	0.20514
16.827	57.247	0.20566
16.879	57.273	0.20538
16.931	57.209	0.20623
16.983	57.221	0.20562
17.035	57.116	0.20592
17.086	57.105	0.20637
17.138	57.102	0.20595
17.19	56.977	0.20641
17.242	57.08	0.20598
17.294	57.067	0.20588
17.346	56.983	0.20633
17.398	57.017	0.20614
17.45	57.018	0.2068
17.502	56.944	0.20685
17.554	56.95	0.20659
17.606	56.939	0.2072
17.658	56.885	0.20731
17.71	56.919	0.20781
17.762	56.917	0.20752
17.814	56.809	0.20767
17.865	56.855	0.20766
17.917	56.812	0.20786
17.969	56.787	0.20745
18.021	56.742	0.20766
18.073	56.81	0.20758
18.125	56.741	0.20797
18.177	56.721	0.20758
18.229	56.695	0.20782
18.281	56.676	0.20784
18.333	56.634	0.20863
18.385	56.573	0.20855
18.437	56.558	0.20841
18.489	56.522	0.20844
18.541	56.457	0.2083
18.593	56.423	0.20815
18.645	56.42	0.20806
18.696	56.349	0.20789
18.748	56.317	0.20792
18.8	56.268	0.20759
18.852	56.278	0.2078
18.904	56.211	0.20878
18.956	56.206	0.20813
19.008	56.143	0.20861
19.06	56.218	0.20856
19.112	56.114	0.20883
19.164	56.083	0.20915
19.216	56.095	0.20901
19.268	56.005	0.20895
19.32	56.029	0.20795
19.372	55.926	0.20865
19.424	55.827	0.20872
19.475	55.86	0.20896
19.527	55.842	0.2088
19.579	55.754	0.20883
19.631	55.823	0.20855
19.683	55.733	0.20901
19.735	55.792	0.20879
19.787	55.762	0.2092
19.839	55.773	0.20914
19.891	55.743	0.20923
19.943	55.735	0.20883
19.995	55.693	0.20897
20.047	55.66	0.20846
20.099	55.611	0.20856
20.151	55.597	0.20819
20.203	55.582	0.20708
20.254	55.603	0.20724
20.306	55.578	0.20733
20.358	55.575	0.20659
20.41	55.594	0.20677
20.462	55.631	0.20633
