Time	Fascicle Length R1_F1	Pennation Angle R1_F1	Fascicle Length R1_F2	Pennation Angle R1_F2	Time	Fascicle Length R2_F1	Pennation Angle R2_F1	
0.055261	57.856	0.23476	66.173	0.20807	0.055261	48.735	0.34376
0.11052	61.615	0.23088	66.175	0.2082	0.11052	48.783	0.34346
0.16578	61.572	0.23091	66.122	0.2082	0.16578	48.702	0.34453
0.22104	61.647	0.23093	66.2	0.20824	0.22104	48.726	0.34386
0.2763	61.704	0.23089	66.255	0.20826	0.2763	48.772	0.34372
0.33156	61.73	0.23054	66.279	0.20791	0.33156	48.759	0.34397
0.38683	61.777	0.2304	66.327	0.2078	0.38683	48.793	0.34329
0.44209	61.796	0.23063	66.346	0.20805	0.44209	48.799	0.34341
0.49735	61.806	0.23047	66.351	0.20787	0.49735	48.825	0.34439
0.55261	61.848	0.2307	66.392	0.20811	0.55261	48.854	0.34354
0.60787	61.878	0.23102	66.419	0.20846	0.60787	48.832	0.3426
0.66313	61.918	0.23066	66.46	0.2081	0.66313	48.888	0.34226
0.71839	61.855	0.23095	66.39	0.20836	0.71839	48.864	0.34225
0.77365	61.911	0.23085	66.445	0.20829	0.77365	48.856	0.34185
0.82891	61.962	0.23041	66.496	0.2079	0.82891	48.865	0.34242
0.88417	62.014	0.23016	66.55	0.20767	0.88417	48.926	0.34236
0.93943	62.003	0.23055	66.536	0.20806	0.93943	48.925	0.34213
0.99469	61.956	0.23103	66.482	0.20851	0.99469	48.911	0.34351
1.05	62.002	0.23134	66.527	0.20882	1.05	48.866	0.34304
1.1052	62.061	0.23139	66.586	0.20892	1.1052	48.891	0.34244
1.1605	62.085	0.23134	66.612	0.20888	1.1605	48.932	0.34165
1.2157	62.113	0.23127	66.638	0.20884	1.2157	48.99	0.34156
1.271	62.09	0.23157	66.609	0.20914	1.271	48.976	0.34212
1.3263	62.104	0.23154	66.621	0.2091	1.3263	48.979	0.34252
1.3815	62.15	0.23142	66.669	0.20901	1.3815	49.007	0.34236
1.4368	62.169	0.23155	66.688	0.20914	1.4368	49.034	0.34168
1.492	62.166	0.23191	66.681	0.20948	1.492	49.033	0.34221
1.5473	62.122	0.23261	66.631	0.21015	1.5473	48.951	0.34229
1.6026	62.15	0.23216	66.656	0.20975	1.6026	48.924	0.34263
1.6578	62.204	0.23191	66.708	0.20953	1.6578	48.971	0.34241
1.7131	62.236	0.23174	66.74	0.20937	1.7131	49.018	0.34235
1.7683	62.228	0.23184	66.729	0.20947	1.7683	49.05	0.34286
1.8236	62.251	0.23264	66.748	0.21026	1.8236	49.014	0.34219
1.8789	62.28	0.23256	66.777	0.2102	1.8789	49.019	0.34222
1.9341	62.271	0.23259	66.765	0.21022	1.9341	48.997	0.34197
1.9894	62.324	0.23269	66.819	0.21036	1.9894	49.024	0.34142
2.0447	62.333	0.23273	66.826	0.21041	2.0447	49.02	0.34172
2.0999	62.332	0.2331	66.822	0.21075	2.0999	49.006	0.34128
2.1552	62.391	0.23276	66.882	0.21044	2.1552	49.018	0.34113
2.2104	62.412	0.23287	66.899	0.21057	2.2104	49.047	0.34159
2.2657	62.421	0.23302	66.904	0.21072	2.2657	49.001	0.34167
2.321	62.441	0.23296	66.92	0.21067	2.321	49.007	0.34242
2.3762	62.443	0.23358	66.917	0.21129	2.3762	48.976	0.34321
2.4315	62.504	0.23317	66.978	0.21091	2.4315	48.954	0.34295
2.4867	62.54	0.23334	67.014	0.21112	2.4867	48.995	0.34246
2.542	62.579	0.23313	67.052	0.21094	2.542	49.025	0.34212
2.5973	62.588	0.23345	67.058	0.21126	2.5973	49.024	0.34251
2.6525	62.638	0.23371	67.106	0.21155	2.6525	49.034	0.34249
2.7078	62.634	0.23403	67.095	0.21186	2.7078	49.003	0.34304
2.763	62.699	0.23446	67.161	0.21231	2.763	49.002	0.34236
2.8183	62.743	0.23425	67.204	0.21212	2.8183	48.973	0.3427
2.8736	62.759	0.23425	67.216	0.21215	2.8736	48.983	0.34292
2.9288	62.83	0.23447	67.287	0.2124	2.9288	49.004	0.34195
2.9841	62.816	0.23454	67.268	0.21248	2.9841	48.998	0.34271
3.0393	62.828	0.23457	67.275	0.21252	3.0393	48.971	0.34336
3.0946	62.861	0.23489	67.305	0.21287	3.0946	48.941	0.34249
3.1499	62.928	0.23456	67.371	0.21257	3.1499	48.958	0.34251
3.2051	62.963	0.23456	67.406	0.2126	3.2051	48.974	0.34248
3.2604	62.982	0.23403	67.422	0.21209	3.2604	48.955	0.3431
3.3156	63.018	0.23467	67.455	0.21276	3.3156	48.918	0.3428
3.3709	63.027	0.23481	67.46	0.21289	3.3709	48.87	0.34366
3.4262	63.096	0.23522	67.527	0.21334	3.4262	48.867	0.34307
3.4814	63.093	0.23562	67.52	0.21373	3.4814	48.856	0.34326
3.5367	63.113	0.23552	67.535	0.21363	3.5367	48.815	0.34402
3.592	63.143	0.23544	67.56	0.21358	3.592	48.788	0.34435
3.6472	63.23	0.23483	67.647	0.21301	3.6472	48.811	0.34429
3.7025	63.316	0.23444	67.738	0.21265	3.7025	48.895	0.34398
3.7577	63.307	0.2354	67.729	0.2136	3.7577	48.934	0.34362
3.813	63.312	0.23519	67.734	0.21339	3.813	48.989	0.34347
3.8683	63.318	0.23541	67.737	0.21362	3.8683	49.004	0.34362
3.9235	63.315	0.23505	67.728	0.21325	3.9235	49.012	0.34423
3.9788	63.352	0.23494	67.76	0.21316	3.9788	48.995	0.3447
4.034	63.4	0.23503	67.808	0.2133	4.034	49.026	0.34324
4.0893	63.453	0.23443	67.859	0.21272	4.0893	49.043	0.34353
4.1446	63.479	0.2344	67.885	0.2127	4.1446	49.067	0.34364
4.1998	63.487	0.23439	67.889	0.21267	4.1998	49.046	0.34382
4.2551	63.576	0.23448	67.98	0.21278	4.2551	49.056	0.34362
4.3103	63.599	0.23479	68.002	0.2131	4.3103	49.043	0.3434
4.3656	63.588	0.23488	67.984	0.21319	4.3656	48.954	0.34391
4.4209	63.621	0.23442	68.014	0.21276	4.4209	48.926	0.34509
4.4761	63.706	0.2339	68.101	0.21229	4.4761	48.975	0.34511
4.5314	63.733	0.23379	68.129	0.21219	4.5314	49.011	0.34522
4.5866	63.726	0.23388	68.118	0.21229	4.5866	48.978	0.34597
4.6419	63.8	0.23366	68.189	0.21212	4.6419	48.903	0.34625
4.6972	63.858	0.23339	68.244	0.21188	4.6972	48.836	0.34686
4.7524	63.914	0.23304	68.302	0.21156	4.7524	48.878	0.34675
4.8077	63.952	0.23365	68.342	0.21214	4.8077	48.916	0.34568
4.863	63.977	0.23449	68.365	0.21299	4.863	48.923	0.34512
4.9182	63.997	0.23457	68.382	0.21307	4.9182	48.878	0.34515
4.9735	64.063	0.23469	68.45	0.21323	4.9735	48.91	0.34436
5.0287	64.113	0.23451	68.499	0.21307	5.0287	48.923	0.34447
5.084	64.139	0.23448	68.523	0.21305	5.084	48.903	0.34489
5.1393	64.194	0.23381	68.58	0.21243	5.1393	48.926	0.34499
5.1945	64.219	0.23416	68.603	0.21277	5.1945	48.937	0.34416
5.2498	64.256	0.23428	68.64	0.21291	5.2498	48.958	0.34374
5.305	64.282	0.23435	68.664	0.21298	5.305	48.925	0.34477
5.3603	64.342	0.2344	68.722	0.21306	5.3603	48.926	0.34492
5.4156	64.396	0.23436	68.777	0.21303	5.4156	48.93	0.34455
5.4708	64.454	0.23458	68.836	0.21328	5.4708	48.931	0.34388
5.5261	64.462	0.23467	68.843	0.21338	5.5261	48.936	0.34411
5.5813	64.48	0.2352	68.857	0.2139	5.5813	48.887	0.34384
5.6366	64.511	0.23512	68.886	0.21384	5.6366	48.895	0.34382
5.6919	64.588	0.23523	68.964	0.21396	5.6919	48.904	0.34331
5.7471	64.605	0.23537	68.98	0.21412	5.7471	48.934	0.34292
5.8024	64.666	0.23505	69.04	0.21383	5.8024	48.989	0.34342
5.8576	64.717	0.23544	69.093	0.21425	5.8576	49.019	0.34267
5.9129	64.716	0.23525	69.089	0.21406	5.9129	48.991	0.34351
5.9682	64.723	0.23537	69.095	0.21419	5.9682	48.993	0.34388
6.0234	64.766	0.23512	69.136	0.21397	6.0234	48.964	0.34508
6.0787	64.803	0.23482	69.173	0.21371	6.0787	48.994	0.34594
6.134	64.808	0.23442	69.181	0.21334	6.134	48.993	0.34754
6.1892	64.762	0.23387	69.134	0.21278	6.1892	49.007	0.34965
6.2445	64.788	0.23372	69.16	0.21262	6.2445	49.006	0.35056
6.2997	64.823	0.23383	69.196	0.21276	6.2997	49.014	0.35057
6.355	64.866	0.2338	69.237	0.21275	6.355	48.986	0.35083
6.4103	64.922	0.23319	69.294	0.21218	6.4103	48.995	0.35187
6.4655	64.945	0.23297	69.314	0.21197	6.4655	48.975	0.35331
6.5208	65.011	0.23314	69.381	0.21217	6.5208	48.984	0.35349
6.576	65.067	0.23269	69.438	0.21173	6.576	49.002	0.35465
6.6313	65.113	0.23252	69.486	0.21159	6.6313	49.018	0.35489
6.6866	65.109	0.23256	69.479	0.21161	6.6866	49.005	0.35562
6.7418	65.121	0.23289	69.489	0.21191	6.7418	49.033	0.35506
6.7971	65.15	0.23325	69.516	0.21225	6.7971	49.045	0.35488
6.8523	65.163	0.23371	69.528	0.21271	6.8523	49.078	0.35495
6.9076	65.167	0.23396	69.528	0.21296	6.9076	49.086	0.35526
6.9629	65.283	0.2333	69.643	0.21233	6.9629	49.086	0.35569
7.0181	65.326	0.23315	69.686	0.21219	7.0181	49.124	0.35591
7.0734	65.415	0.2334	69.779	0.21244	7.0734	49.191	0.35519
7.1286	65.395	0.23421	69.755	0.21321	7.1286	49.197	0.35446
7.1839	65.447	0.23454	69.805	0.21355	7.1839	49.163	0.35455
7.2392	65.507	0.23402	69.866	0.21304	7.2392	49.194	0.35518
7.2944	65.549	0.2342	69.907	0.21324	7.2944	49.187	0.35429
7.3497	65.577	0.23423	69.937	0.21331	7.3497	49.212	0.35341
7.405	65.583	0.23442	69.942	0.2135	7.405	49.219	0.35295
7.4602	65.634	0.23404	69.994	0.21315	7.4602	49.257	0.35288
7.5155	65.666	0.23411	70.026	0.21323	7.5155	49.268	0.3528
7.5707	65.687	0.23421	70.046	0.21333	7.5707	49.267	0.35308
7.626	65.781	0.23411	70.142	0.21328	7.626	49.276	0.3523
7.6813	65.785	0.23392	70.144	0.21307	7.6813	49.308	0.35289
7.7365	65.868	0.2342	70.227	0.21339	7.7365	49.267	0.35143
7.7918	65.873	0.2342	70.234	0.2134	7.7918	49.282	0.35153
7.847	65.878	0.23395	70.236	0.21315	7.847	49.305	0.35266
7.9023	65.934	0.23382	70.291	0.21303	7.9023	49.278	0.35327
7.9576	66.025	0.2337	70.383	0.21294	7.9576	49.304	0.35333
8.0128	66.043	0.2335	70.399	0.21276	8.0128	49.331	0.35326
8.0681	66.06	0.23391	70.414	0.21318	8.0681	49.307	0.35289
8.1233	66.054	0.23295	70.406	0.21222	8.1233	49.355	0.354
8.1786	66.167	0.23264	70.52	0.21197	8.1786	49.363	0.35352
8.2339	66.18	0.23286	70.532	0.2122	8.2339	49.383	0.35342
8.2891	66.197	0.23304	70.547	0.21237	8.2891	49.419	0.35303
8.3444	66.205	0.23305	70.554	0.21241	8.3444	49.413	0.35246
8.3996	66.265	0.2325	70.614	0.21188	8.3996	49.432	0.35209
8.4549	66.3	0.23261	70.649	0.21201	8.4549	49.429	0.35247
8.5102	66.344	0.23227	70.693	0.21167	8.5102	49.504	0.35272
8.5654	66.377	0.23243	70.725	0.21185	8.5654	49.529	0.35267
8.6207	66.392	0.23276	70.737	0.21217	8.6207	49.54	0.352
8.676	66.441	0.23294	70.787	0.21237	8.676	49.521	0.35174
8.7312	66.455	0.23285	70.8	0.21227	8.7312	49.593	0.35229
8.7865	66.473	0.23328	70.817	0.21269	8.7865	49.616	0.35192
8.8417	66.493	0.23313	70.838	0.21253	8.8417	49.658	0.3521
8.897	66.537	0.23299	70.879	0.2124	8.897	49.67	0.35217
8.9523	66.548	0.23285	70.887	0.21227	8.9523	49.699	0.35266
9.0075	66.663	0.23247	71.004	0.21193	9.0075	49.729	0.35272
9.0628	66.685	0.23258	71.024	0.21204	9.0628	49.757	0.35262
9.118	66.694	0.23337	71.034	0.21282	9.118	49.761	0.35229
9.1733	66.727	0.23283	71.065	0.2123	9.1733	49.766	0.35233
9.2286	66.782	0.23252	71.121	0.21202	9.2286	49.784	0.35252
9.2838	66.785	0.23241	71.122	0.21192	9.2838	49.776	0.35262
9.3391	66.816	0.23232	71.154	0.21185	9.3391	49.786	0.35261
9.3943	66.844	0.23208	71.178	0.21162	9.3943	49.794	0.35376
9.4496	66.907	0.23207	71.242	0.21165	9.4496	49.844	0.35313
9.5049	66.899	0.23192	71.229	0.2115	9.5049	49.815	0.35461
9.5601	66.96	0.23125	71.288	0.2109	9.5601	49.787	0.35539
9.6154	67.039	0.23139	71.37	0.21107	9.6154	49.811	0.35406
9.6706	67.033	0.2314	71.362	0.21108	9.6706	49.83	0.3542
9.7259	67.037	0.23103	71.363	0.21071	9.7259	49.821	0.35475
9.7812	67.074	0.23108	71.399	0.21078	9.7812	49.813	0.35472
9.8364	67.084	0.2314	71.407	0.21109	9.8364	49.831	0.35436
9.8917	67.131	0.23145	71.455	0.21114	9.8917	49.863	0.35399
9.9469	67.135	0.2315	71.457	0.21118	9.9469	49.863	0.35461
10.002	67.134	0.23194	71.453	0.21161	10.002	49.875	0.3542
10.057	67.175	0.23194	71.494	0.21163	10.057	49.879	0.35402
10.113	67.228	0.2315	71.548	0.21123	10.113	49.915	0.35326
10.168	67.205	0.23134	71.521	0.21111	10.168	49.903	0.35324
10.223	67.224	0.2311	71.539	0.21089	10.223	49.913	0.35328
10.279	67.289	0.23098	71.6	0.2108	10.279	49.901	0.35344
10.334	67.344	0.23097	71.657	0.21081	10.334	49.935	0.3536
10.389	67.352	0.23127	71.664	0.21107	10.389	49.955	0.35383
10.444	67.393	0.23153	71.705	0.21133	10.444	49.955	0.35379
10.5	67.435	0.23096	71.749	0.21076	10.5	50.011	0.3549
10.555	67.422	0.23152	71.734	0.21129	10.555	50.031	0.3552
10.61	67.448	0.23165	71.759	0.21142	10.61	50.04	0.35488
10.665	67.494	0.23165	71.806	0.21144	10.665	50.05	0.3544
10.721	67.49	0.23127	71.802	0.21108	10.721	50.097	0.35426
10.776	67.501	0.2316	71.809	0.21145	10.776	50.098	0.35325
10.831	67.538	0.23146	71.846	0.21132	10.831	50.121	0.35309
10.886	67.579	0.23136	71.889	0.21125	10.886	50.159	0.35293
10.942	67.605	0.23176	71.916	0.21165	10.942	50.185	0.35206
10.997	67.591	0.23182	71.897	0.21173	10.997	50.16	0.35155
11.052	67.636	0.23154	71.944	0.21146	11.052	50.196	0.35192
11.107	67.679	0.2317	71.989	0.21162	11.107	50.253	0.35121
11.163	67.682	0.23169	71.991	0.21164	11.163	50.252	0.35118
11.218	67.693	0.23135	72	0.21133	11.218	50.272	0.35143
11.273	67.74	0.23133	72.048	0.21135	11.273	50.279	0.35076
11.328	67.725	0.23122	72.031	0.21124	11.328	50.29	0.3506
11.384	67.764	0.23108	72.07	0.21113	11.384	50.267	0.35046
11.439	67.773	0.23146	72.077	0.21149	11.439	50.25	0.3497
11.494	67.806	0.23145	72.111	0.21149	11.494	50.24	0.34877
11.55	67.827	0.2317	72.132	0.21173	11.55	50.251	0.34808
11.605	67.856	0.23264	72.16	0.21261	11.605	50.229	0.34796
11.66	67.907	0.23344	72.211	0.2134	11.66	50.225	0.34717
11.715	67.95	0.23382	72.255	0.21377	11.715	50.249	0.34639
11.771	67.918	0.23478	72.22	0.21465	11.771	50.285	0.34465
11.826	67.931	0.23554	72.232	0.21539	11.826	50.286	0.34317
11.881	67.949	0.23521	72.249	0.21507	11.881	50.291	0.34367
11.936	67.98	0.2354	72.281	0.21524	11.936	50.312	0.34247
11.992	67.995	0.23574	72.295	0.21557	11.992	50.351	0.34046
12.047	68	0.23612	72.299	0.21595	12.047	50.364	0.34008
12.102	68.003	0.23593	72.301	0.21578	12.102	50.347	0.34097
12.157	67.964	0.23602	72.257	0.21588	12.157	50.315	0.34156
12.213	67.99	0.23567	72.282	0.21554	12.213	50.314	0.34234
12.268	68.054	0.23522	72.347	0.21512	12.268	50.334	0.3425
12.323	68.05	0.2351	72.342	0.21499	12.323	50.384	0.3436
12.378	68.06	0.23511	72.351	0.21498	12.378	50.438	0.34398
12.434	68.11	0.23565	72.401	0.21553	12.434	50.43	0.34238
12.489	68.116	0.23576	72.406	0.21563	12.489	50.454	0.34308
12.544	68.129	0.23621	72.42	0.21607	12.544	50.484	0.34198
12.599	68.154	0.23624	72.443	0.21613	12.599	50.492	0.34182
12.655	68.171	0.236	72.459	0.21588	12.655	50.471	0.34318
12.71	68.218	0.23663	72.505	0.21649	12.71	50.49	0.34263
12.765	68.218	0.23709	72.503	0.21693	12.765	50.487	0.34273
12.821	68.247	0.23752	72.533	0.21735	12.821	50.527	0.34207
12.876	68.251	0.23753	72.535	0.21738	12.876	50.529	0.34211
12.931	68.296	0.23746	72.58	0.21733	12.931	50.545	0.34168
12.986	68.333	0.23786	72.616	0.21772	12.986	50.538	0.34158
13.042	68.365	0.23807	72.648	0.21792	13.042	50.542	0.34159
13.097	68.365	0.23818	72.65	0.21799	13.097	50.592	0.34212
13.152	68.375	0.23836	72.66	0.21816	13.152	50.596	0.34278
13.207	68.401	0.2382	72.688	0.21801	13.207	50.599	0.34299
13.263	68.429	0.23807	72.715	0.21789	13.263	50.616	0.34306
13.318	68.42	0.23896	72.707	0.21874	13.318	50.658	0.34323
13.373	68.437	0.23889	72.722	0.21867	13.373	50.655	0.34319
13.428	68.43	0.23945	72.714	0.21921	13.428	50.681	0.34295
13.484	68.443	0.23991	72.723	0.21966	13.484	50.652	0.34262
13.539	68.46	0.23996	72.739	0.21972	13.539	50.627	0.34289
13.594	68.504	0.24002	72.784	0.2198	13.594	50.635	0.34236
13.649	68.531	0.24012	72.812	0.2199	13.649	50.628	0.34199
13.705	68.535	0.24052	72.814	0.2203	13.705	50.661	0.34196
13.76	68.515	0.24076	72.794	0.22052	13.76	50.655	0.34234
13.815	68.506	0.24078	72.783	0.22053	13.815	50.627	0.34276
13.87	68.482	0.24089	72.758	0.22062	13.87	50.658	0.34314
13.926	68.424	0.2407	72.697	0.22039	13.926	50.693	0.34379
13.981	68.391	0.24085	72.662	0.22052	13.981	50.684	0.34416
14.036	68.392	0.24085	72.665	0.2205	14.036	50.739	0.34495
14.092	68.349	0.24151	72.622	0.22116	14.092	50.772	0.34523
14.147	68.333	0.24221	72.604	0.22183	14.147	50.804	0.34539
14.202	68.334	0.24288	72.601	0.22249	14.202	50.812	0.3451
14.257	68.289	0.24313	72.554	0.22272	14.257	50.83	0.34521
14.313	68.306	0.24308	72.573	0.22268	14.313	50.898	0.34424
14.368	68.337	0.24268	72.606	0.2223	14.368	50.952	0.34387
14.423	68.361	0.24344	72.629	0.22305	14.423	50.95	0.34324
14.478	68.392	0.24379	72.66	0.22339	14.478	50.948	0.3427
14.534	68.422	0.24439	72.69	0.22399	14.534	50.967	0.3423
14.589	68.429	0.24421	72.697	0.22382	14.589	50.974	0.34253
14.644	68.463	0.24395	72.732	0.22359	14.644	50.978	0.34188
14.699	68.507	0.24365	72.778	0.2233	14.699	51.021	0.34115
14.755	68.6	0.24431	72.874	0.22398	14.755	51.072	0.33978
14.81	68.508	0.2438	72.779	0.22347	14.81	51.096	0.34078
14.865	68.53	0.24434	72.8	0.224	14.865	51.08	0.3401
14.92	68.56	0.24453	72.829	0.22419	14.92	51.064	0.34072
14.976	68.538	0.24358	72.807	0.22328	14.976	51.031	0.34085
15.031	68.593	0.24376	72.862	0.22345	15.031	51.053	0.34223
15.086	68.617	0.24395	72.886	0.22365	15.086	51.077	0.3413
15.141	68.625	0.24389	72.895	0.22359	15.141	51.114	0.34145
15.197	68.602	0.24458	72.869	0.22426	15.197	51.123	0.342
15.252	68.619	0.24428	72.886	0.22397	15.252	51.198	0.34153
15.307	68.634	0.24415	72.898	0.22385	15.307	51.192	0.34219
15.363	68.653	0.24458	72.917	0.22427	15.363	51.207	0.34161
15.418	68.668	0.24485	72.931	0.22455	15.418	51.199	0.34113
15.473	68.725	0.24449	72.991	0.22421	15.473	51.204	0.34042
15.528	68.769	0.24447	73.037	0.22422	15.528	51.22	0.33957
15.584	68.736	0.24496	73.003	0.22469	15.584	51.241	0.33948
15.639	68.783	0.2451	73.049	0.22485	15.639	51.249	0.3392
15.694	68.798	0.24526	73.063	0.22502	15.694	51.245	0.33888
15.749	68.802	0.24537	73.065	0.22514	15.749	51.247	0.33921
15.805	68.908	0.24496	73.175	0.22477	15.805	51.278	0.33867
15.86	68.931	0.24486	73.197	0.22468	15.86	51.291	0.33832
15.915	68.942	0.24481	73.206	0.22464	15.915	51.287	0.33853
15.97	68.963	0.2453	73.227	0.22513	15.97	51.279	0.33744
16.026	68.979	0.24503	73.245	0.22486	16.026	51.324	0.33833
16.081	68.991	0.24541	73.255	0.22523	16.081	51.344	0.33755
16.136	68.967	0.24578	73.23	0.22559	16.136	51.368	0.33758
16.191	68.98	0.24618	73.244	0.22597	16.191	51.404	0.33847
16.247	68.938	0.24633	73.2	0.22611	16.247	51.383	0.33865
16.302	68.93	0.24647	73.193	0.22625	16.302	51.358	0.33856
16.357	68.954	0.2464	73.216	0.2262	16.357	51.32	0.33858
16.412	69.013	0.24603	73.276	0.22585	16.412	51.333	0.3386
16.468	69.078	0.24596	73.343	0.22581	16.468	51.381	0.33752
16.523	69.098	0.24622	73.363	0.22608	16.523	51.398	0.33716
16.578	69.081	0.24643	73.345	0.2263	16.578	51.407	0.33613
16.634	69.063	0.24658	73.323	0.22645	16.634	51.398	0.33559
16.689	69.126	0.24665	73.387	0.22654	16.689	51.369	0.3355
16.744	69.127	0.24642	73.391	0.22631	16.744	51.393	0.33578
16.799	69.133	0.24663	73.399	0.22652	16.799	51.416	0.33522
16.855	69.124	0.24689	73.391	0.22677	16.855	51.45	0.33573
16.91	69.084	0.2474	73.349	0.22726	16.91	51.463	0.33642
16.965	69.116	0.24742	73.383	0.22728	16.965	51.507	0.33686
17.02	69.103	0.24776	73.37	0.22761	17.02	51.56	0.33654
17.076	69.127	0.24794	73.395	0.22781	17.076	51.545	0.33501
17.131	69.161	0.24793	73.429	0.22782	17.131	51.542	0.33443
17.186	69.146	0.24874	73.412	0.22862	17.186	51.582	0.3343
17.241	69.236	0.24922	73.503	0.22913	17.241	51.525	0.33231
17.297	69.301	0.24952	73.569	0.22945	17.297	51.516	0.33085
17.352	69.29	0.24986	73.559	0.2298	17.352	51.526	0.3297
17.407	69.325	0.24963	73.594	0.2296	17.407	51.522	0.32945
17.462	69.343	0.24991	73.613	0.22987	17.462	51.532	0.32891
17.518	69.394	0.2502	73.665	0.23019	17.518	51.532	0.3278
17.573	69.356	0.25123	73.625	0.23119	17.573	51.52	0.32668
17.628	69.388	0.25172	73.658	0.23168	17.628	51.548	0.32482
17.683	69.359	0.25207	73.63	0.23199	17.683	51.685	0.32606
17.739	69.344	0.25297	73.615	0.23287	17.739	51.718	0.32568
17.794	69.373	0.25244	73.647	0.23236	17.794	51.729	0.32593
17.849	69.357	0.25293	73.63	0.23283	17.849	51.761	0.32659
17.905	69.353	0.25341	73.624	0.23332	17.905	51.723	0.32529
17.96	69.381	0.25284	73.652	0.2328	17.96	51.702	0.32546
18.015	69.427	0.25341	73.696	0.23339	18.015	51.661	0.32418
18.07	69.505	0.25302	73.778	0.23303	18.07	51.672	0.32391
18.126	69.516	0.2532	73.789	0.23321	18.126	51.696	0.32466
18.181	69.503	0.25335	73.775	0.23337	18.181	51.695	0.32442
18.236	69.533	0.25318	73.804	0.23321	18.236	51.671	0.32491
18.291	69.585	0.25347	73.854	0.23354	18.291	51.609	0.32426
18.347	69.625	0.25282	73.893	0.23293	18.347	51.579	0.32389
18.402	69.664	0.25248	73.932	0.23261	18.402	51.556	0.32306
18.457	69.715	0.25276	73.983	0.2329	18.457	51.54	0.32251
18.512	69.701	0.25255	73.969	0.23268	18.512	51.569	0.32213
18.568	69.723	0.25279	73.991	0.23294	18.568	51.553	0.32249
18.623	69.644	0.25259	73.91	0.23272	18.623	51.532	0.32317
18.678	69.688	0.25198	73.957	0.23214	18.678	51.615	0.32402
18.733	69.674	0.25198	73.945	0.2321	18.733	51.655	0.32492
18.789	69.606	0.25296	73.875	0.23304	18.789	51.658	0.32465
18.844	69.663	0.25248	73.934	0.23258	18.844	51.685	0.32434
18.899	69.618	0.25267	73.888	0.23276	18.899	51.671	0.32447
18.954	69.607	0.25271	73.877	0.23279	18.954	51.678	0.32371
19.01	69.609	0.25277	73.879	0.23284	19.01	51.698	0.32335
19.065	69.575	0.25303	73.844	0.23308	19.065	51.703	0.32373
19.12	69.574	0.25272	73.843	0.23278	19.12	51.698	0.32304
19.176	69.569	0.25282	73.837	0.23288	19.176	51.677	0.32284
19.231	69.558	0.25219	73.823	0.23226	19.231	51.642	0.32358
19.286	69.579	0.25229	73.843	0.23235	19.286	51.622	0.32345
19.341	69.581	0.25205	73.844	0.23211	19.341	51.641	0.32386
19.397	69.607	0.25161	73.872	0.23168	19.397	51.627	0.32353
19.452	69.602	0.25156	73.865	0.23165	19.452	51.59	0.32442
19.507	69.543	0.25101	73.805	0.23108	19.507	51.576	0.32619
19.562	69.576	0.251	73.838	0.23108	19.562	51.599	0.32699
19.618	69.555	0.25066	73.818	0.23073	19.618	51.576	0.32755
19.673	69.591	0.25056	73.855	0.23066	19.673	51.585	0.32662
19.728	69.552	0.25066	73.814	0.23077	19.728	51.61	0.32737
19.783	69.531	0.25114	73.789	0.23125	19.783	51.548	0.32598
19.839	69.548	0.25089	73.806	0.23102	19.839	51.541	0.32535
19.894	69.589	0.25036	73.848	0.23053	19.894	51.524	0.32409
19.949	69.542	0.25072	73.797	0.23089	19.949	51.461	0.32368
20.004	69.523	0.25044	73.778	0.23063	20.004	51.427	0.3238
20.06	69.495	0.25042	73.748	0.23062	20.06	51.445	0.32331
20.115	69.466	0.25018	73.72	0.23037	20.115	51.416	0.32327
20.17	69.491	0.2496	73.746	0.2298	20.17	51.437	0.32449
20.225	69.488	0.24994	73.741	0.23012	20.225	51.438	0.32463
20.281	69.46	0.25012	73.712	0.23029	20.281	51.428	0.3247
20.336	69.502	0.24983	73.755	0.23	20.336	51.421	0.32507
20.391	69.48	0.25025	73.733	0.23038	20.391	51.433	0.32461
20.447	69.463	0.25047	73.713	0.23059	20.447	51.443	0.32395
20.502	69.474	0.25026	73.724	0.23037	20.502	51.422	0.32404
20.557	69.464	0.25063	73.713	0.23074	20.557	51.403	0.32426
20.612	69.488	0.25003	73.738	0.23017	20.612	51.38	0.32417
20.668	69.471	0.24995	73.719	0.23008	20.668	51.351	0.32392
20.723	69.444	0.25017	73.689	0.23029	20.723	51.343	0.32364
20.778	69.478	0.25006	73.724	0.2302	20.778	51.349	0.32217
20.833	69.424	0.25013	73.667	0.23027	20.833	51.368	0.32094
20.889	69.439	0.25002	73.684	0.23017	20.889	51.328	0.32034
20.944	69.375	0.25037	73.618	0.2305	20.944	51.333	0.32062
20.999	69.404	0.24994	73.648	0.23009	20.999	51.322	0.31978
21.054	69.344	0.24961	73.585	0.22976	21.054	51.337	0.32033
21.11	69.356	0.24928	73.598	0.22944	21.11	51.319	0.32016
21.165	69.359	0.24931	73.6	0.22949	21.165	51.273	0.32014
21.22	69.366	0.24854	73.606	0.22873	21.22	51.266	0.32057
21.275	69.381	0.24823	73.624	0.22843	21.275	51.294	0.32091
21.331	69.312	0.24842	73.553	0.22857	21.331	51.357	0.32106
21.386	69.317	0.24858	73.558	0.22874	21.386	51.315	0.32109
21.441	69.285	0.2486	73.524	0.22877	21.441	51.279	0.32095
21.496	69.316	0.24812	73.557	0.22831	21.496	51.262	0.32161
21.552	69.279	0.24796	73.52	0.22813	21.552	51.271	0.32215
21.607	69.293	0.24779	73.534	0.22797	21.607	51.293	0.32154
21.662	69.262	0.24767	73.503	0.22786	21.662	51.268	0.32139
21.718	69.286	0.24743	73.528	0.22763	21.718	51.295	0.32167
