Time	Fascicle Length R1_F1	Pennation Angle R1_F1	Fascicle Length R1_F2	Pennation Angle R1_F2	Time	Fascicle Length R2_F1	Pennation Angle R2_F1	Fascicle Length R2_F2	Pennation Angle R2_F2	
0.051935	59.409	0.26125	58.681	0.27056	0.051935	28.67	0.43984	27.222	0.46504
0.10387	59.435	0.26188	58.707	0.27121	0.10387	28.678	0.43886	27.228	0.46401
0.1558	59.46	0.26239	58.734	0.27171	0.1558	28.693	0.438	27.244	0.46313
0.20774	59.461	0.26237	58.735	0.27168	0.20774	28.694	0.43771	27.245	0.46281
0.25967	59.472	0.26202	58.747	0.27132	0.25967	28.721	0.43765	27.272	0.46271
0.31161	59.488	0.26163	58.764	0.27092	0.31161	28.756	0.43725	27.306	0.46224
0.36354	59.472	0.26153	58.748	0.27082	0.36354	28.762	0.43801	27.313	0.46301
0.41548	59.509	0.26204	58.786	0.27133	0.41548	28.79	0.43721	27.341	0.46218
0.46741	59.473	0.26216	58.752	0.27146	0.46741	28.779	0.43727	27.332	0.46221
0.51935	59.501	0.26202	58.781	0.2713	0.51935	28.792	0.43675	27.345	0.46165
0.57128	59.56	0.26164	58.84	0.27092	0.57128	28.823	0.43683	27.374	0.46171
0.62321	59.552	0.26274	58.834	0.27203	0.62321	28.805	0.43608	27.357	0.46095
0.67515	59.543	0.26292	58.826	0.2722	0.67515	28.825	0.43544	27.378	0.46027
0.72708	59.559	0.26203	58.843	0.27129	0.72708	28.891	0.43576	27.443	0.46053
0.77902	59.553	0.26158	58.837	0.27084	0.77902	28.906	0.43586	27.459	0.46058
0.83095	59.612	0.26221	58.898	0.27147	0.83095	28.955	0.43451	27.507	0.45915
0.88289	59.612	0.26166	58.898	0.27092	0.88289	28.97	0.43467	27.522	0.45928
0.93482	59.665	0.26183	58.95	0.27107	0.93482	29.001	0.43303	27.551	0.45759
0.98676	59.67	0.26159	58.957	0.27082	0.98676	29.009	0.43259	27.559	0.45709
1.0387	59.674	0.26125	58.961	0.27048	1.0387	29.046	0.43268	27.596	0.45715
1.0906	59.689	0.26116	58.977	0.27039	1.0906	29.061	0.43237	27.611	0.45681
1.1426	59.713	0.26142	59.002	0.27065	1.1426	29.07	0.4315	27.62	0.45589
1.1945	59.73	0.26124	59.019	0.27046	1.1945	29.104	0.43145	27.653	0.45581
1.2464	59.71	0.26069	59.001	0.26991	1.2464	29.128	0.43187	27.678	0.45616
1.2984	59.731	0.26095	59.023	0.27017	1.2984	29.141	0.43194	27.691	0.45621
1.3503	59.76	0.26104	59.052	0.27026	1.3503	29.179	0.43185	27.73	0.45609
1.4022	59.799	0.26108	59.092	0.27028	1.4022	29.202	0.43079	27.753	0.45498
1.4542	59.814	0.26069	59.108	0.26989	1.4542	29.213	0.43173	27.764	0.45593
1.5061	59.857	0.26061	59.151	0.26981	1.5061	29.247	0.43149	27.797	0.45565
1.558	59.883	0.26185	59.178	0.27104	1.558	29.233	0.43035	27.784	0.45451
1.61	59.937	0.26076	59.233	0.26992	1.61	29.282	0.43001	27.832	0.45412
1.6619	59.983	0.2599	59.278	0.26904	1.6619	29.318	0.42999	27.867	0.45405
1.7138	60.015	0.26049	59.312	0.26965	1.7138	29.307	0.42889	27.856	0.45288
1.7658	60.074	0.26059	59.372	0.26973	1.7658	29.361	0.42742	27.91	0.45135
1.8177	60.072	0.25895	59.369	0.26807	1.8177	29.407	0.4284	27.955	0.45228
1.8696	60.089	0.25942	59.387	0.26855	1.8696	29.413	0.42802	27.961	0.45187
1.9216	60.073	0.25982	59.373	0.26895	1.9216	29.427	0.42825	27.977	0.45208
1.9735	60.092	0.25899	59.392	0.26811	1.9735	29.464	0.42915	28.014	0.45296
2.0254	60.102	0.25919	59.403	0.26831	2.0254	29.486	0.42825	28.036	0.452
2.0774	60.102	0.25866	59.405	0.26779	2.0774	29.53	0.42854	28.08	0.45223
2.1293	60.12	0.25864	59.424	0.26776	2.1293	29.567	0.42773	28.117	0.45135
2.1813	60.113	0.2591	59.419	0.26823	2.1813	29.588	0.42756	28.139	0.45113
2.2332	60.137	0.25914	59.444	0.26827	2.2332	29.604	0.42833	28.156	0.4519
2.2851	60.197	0.25941	59.505	0.26854	2.2851	29.618	0.42732	28.168	0.45087
2.3371	60.204	0.25933	59.512	0.26845	2.3371	29.65	0.42693	28.2	0.45044
2.389	60.25	0.26071	59.559	0.26984	2.389	29.65	0.42523	28.2	0.4487
2.4409	60.254	0.26022	59.563	0.26933	2.4409	29.667	0.42484	28.217	0.44827
2.4929	60.266	0.25969	59.577	0.2688	2.4929	29.684	0.4248	28.234	0.44819
2.5448	60.325	0.2602	59.636	0.26929	2.5448	29.707	0.42374	28.256	0.44712
2.5967	60.312	0.25993	59.623	0.26901	2.5967	29.696	0.42374	28.246	0.4471
2.6487	60.349	0.26046	59.661	0.26953	2.6487	29.684	0.42266	28.233	0.44602
2.7006	60.412	0.26068	59.724	0.26974	2.7006	29.688	0.42169	28.236	0.44504
2.7525	60.407	0.26104	59.72	0.2701	2.7525	29.685	0.42149	28.234	0.44483
2.8045	60.441	0.26216	59.755	0.27122	2.8045	29.68	0.42044	28.229	0.44379
2.8564	60.461	0.26157	59.776	0.27062	2.8564	29.701	0.42089	28.251	0.44421
2.9083	60.439	0.26127	59.754	0.27033	2.9083	29.692	0.42175	28.243	0.44507
2.9603	60.494	0.26171	59.81	0.27075	2.9603	29.705	0.42092	28.256	0.44422
3.0122	60.516	0.26112	59.832	0.27016	3.0122	29.716	0.42192	28.268	0.44523
3.0641	60.544	0.26078	59.86	0.26981	3.0641	29.737	0.42237	28.289	0.44566
3.1161	60.575	0.26147	59.892	0.2705	3.1161	29.743	0.42186	28.295	0.44516
3.168	60.597	0.26078	59.915	0.26981	3.168	29.755	0.42233	28.307	0.44561
3.2199	60.655	0.26111	59.973	0.27013	3.2199	29.757	0.42131	28.309	0.44456
3.2719	60.729	0.26122	60.048	0.27022	3.2719	29.798	0.42056	28.349	0.44377
3.3238	60.748	0.26187	60.067	0.27087	3.3238	29.78	0.42106	28.333	0.44431
3.3757	60.779	0.26169	60.099	0.27068	3.3757	29.787	0.42079	28.34	0.44404
3.4277	60.814	0.261	60.134	0.26998	3.4277	29.791	0.4209	28.343	0.44411
3.4796	60.866	0.26045	60.186	0.26942	3.4796	29.829	0.42116	28.381	0.44437
3.5316	60.852	0.26015	60.173	0.26911	3.5316	29.822	0.42154	28.375	0.44473
3.5835	60.896	0.25951	60.217	0.26845	3.5835	29.867	0.42147	28.419	0.44463
3.6354	60.914	0.25964	60.236	0.26859	3.6354	29.866	0.42132	28.418	0.44446
3.6874	60.937	0.26028	60.26	0.26921	3.6874	29.863	0.41963	28.414	0.44274
3.7393	60.968	0.26015	60.291	0.26907	3.7393	29.882	0.4196	28.434	0.4427
3.7912	60.985	0.25945	60.308	0.26836	3.7912	29.905	0.42018	28.457	0.44326
3.8432	61.023	0.2603	60.346	0.26922	3.8432	29.918	0.41933	28.469	0.44238
3.8951	61.044	0.26041	60.368	0.26932	3.8951	29.913	0.4192	28.465	0.44223
3.947	61.083	0.26043	60.408	0.26934	3.947	29.933	0.41947	28.485	0.4425
3.999	61.112	0.26077	60.437	0.26967	3.999	29.917	0.41893	28.47	0.44197
4.0509	61.149	0.26076	60.475	0.26965	4.0509	29.945	0.41795	28.497	0.44094
4.1028	61.156	0.26027	60.482	0.26915	4.1028	29.955	0.41884	28.508	0.44183
4.1548	61.204	0.26043	60.531	0.2693	4.1548	29.97	0.41858	28.523	0.44156
4.2067	61.228	0.26091	60.555	0.26978	4.2067	29.978	0.41812	28.531	0.44111
4.2586	61.229	0.26061	60.557	0.26948	4.2586	29.973	0.41844	28.527	0.44141
4.3106	61.27	0.26007	60.598	0.26892	4.3106	29.993	0.41836	28.545	0.44133
4.3625	61.238	0.25915	60.566	0.26799	4.3625	29.981	0.41975	28.536	0.44275
4.4144	61.231	0.2586	60.559	0.26743	4.4144	29.982	0.42087	28.538	0.44388
4.4664	61.264	0.25809	60.592	0.26691	4.4664	30.01	0.42031	28.565	0.44325
4.5183	61.267	0.25902	60.597	0.26786	4.5183	30	0.41938	28.555	0.44229
4.5702	61.28	0.25905	60.61	0.26789	4.5702	30.02	0.41995	28.574	0.44286
4.6222	61.337	0.25967	60.668	0.26851	4.6222	30.05	0.41883	28.604	0.4417
4.6741	61.374	0.26001	60.706	0.26884	4.6741	30.059	0.41776	28.612	0.44058
4.726	61.379	0.25968	60.711	0.26852	4.726	30.082	0.41816	28.636	0.44094
4.778	61.417	0.26013	60.75	0.26899	4.778	30.12	0.41792	28.673	0.44067
4.8299	61.445	0.26031	60.779	0.26917	4.8299	30.15	0.41766	28.703	0.44038
4.8818	61.441	0.26028	60.776	0.26913	4.8818	30.158	0.41726	28.711	0.43995
4.9338	61.441	0.25949	60.776	0.26834	4.9338	30.172	0.41758	28.725	0.44024
4.9857	61.474	0.25955	60.81	0.26838	4.9857	30.197	0.41707	28.75	0.43968
5.0377	61.493	0.25953	60.83	0.26836	5.0377	30.233	0.41628	28.786	0.43882
5.0896	61.477	0.25945	60.816	0.2683	5.0896	30.239	0.41662	28.792	0.43913
5.1415	61.512	0.25958	60.851	0.26843	5.1415	30.263	0.41623	28.815	0.4387
5.1935	61.543	0.25987	60.883	0.26871	5.1935	30.292	0.41579	28.845	0.43822
5.2454	61.568	0.2605	60.908	0.26934	5.2454	30.3	0.41435	28.851	0.43675
5.2973	61.554	0.25996	60.895	0.2688	5.2973	30.325	0.41507	28.877	0.43744
5.3493	61.624	0.26013	60.965	0.26895	5.3493	30.354	0.41449	28.906	0.43684
5.4012	61.653	0.26008	60.995	0.26889	5.4012	30.367	0.41393	28.918	0.43626
5.4531	61.632	0.2598	60.973	0.26862	5.4531	30.413	0.414	28.964	0.43627
5.5051	61.59	0.25946	60.933	0.26828	5.5051	30.439	0.41469	28.989	0.43692
5.557	61.62	0.26063	60.965	0.26945	5.557	30.424	0.41421	28.977	0.43646
5.6089	61.728	0.25999	61.073	0.26879	5.6089	30.474	0.4136	29.026	0.43581
5.6609	61.75	0.25938	61.095	0.26816	5.6609	30.504	0.41295	29.054	0.43509
5.7128	61.835	0.25892	61.179	0.26769	5.7128	30.543	0.41292	29.093	0.43503
5.7647	61.828	0.25853	61.174	0.26731	5.7647	30.563	0.41393	29.115	0.43601
5.8167	61.954	0.25874	61.3	0.2675	5.8167	30.598	0.41296	29.149	0.435
5.8686	62.039	0.25848	61.386	0.26722	5.8686	30.632	0.4123	29.182	0.43432
5.9205	62.023	0.25771	61.37	0.26644	5.9205	30.669	0.41277	29.218	0.43474
5.9725	62.083	0.25766	61.431	0.26638	5.9725	30.701	0.41258	29.251	0.43454
6.0244	62.086	0.25682	61.434	0.26553	6.0244	30.71	0.4136	29.26	0.43554
6.0763	62.146	0.2571	61.495	0.2658	6.0763	30.742	0.41243	29.291	0.43432
6.1283	62.18	0.2565	61.529	0.26518	6.1283	30.761	0.41271	29.31	0.43458
6.1802	62.16	0.25619	61.51	0.26489	6.1802	30.781	0.41347	29.331	0.43533
6.2321	62.229	0.25653	61.579	0.26522	6.2321	30.798	0.41318	29.348	0.43503
6.2841	62.24	0.25645	61.59	0.26513	6.2841	30.82	0.41243	29.369	0.43425
6.336	62.239	0.25564	61.59	0.26431	6.336	30.856	0.41258	29.405	0.43435
6.388	62.272	0.25569	61.624	0.26436	6.388	30.869	0.41258	29.419	0.43432
6.4399	62.286	0.2561	61.64	0.26476	6.4399	30.912	0.41145	29.462	0.43312
6.4918	62.307	0.25527	61.661	0.26392	6.4918	30.948	0.4123	29.499	0.43393
6.5438	62.349	0.25589	61.704	0.26455	6.5438	30.982	0.41093	29.532	0.43249
6.5957	62.376	0.25585	61.732	0.26451	6.5957	31.042	0.41046	29.591	0.43195
6.6476	62.41	0.25573	61.767	0.26439	6.6476	31.077	0.41023	29.626	0.43167
6.6996	62.439	0.2558	61.797	0.26445	6.6996	31.1	0.40902	29.649	0.43041
6.7515	62.473	0.25547	61.832	0.26411	6.7515	31.145	0.40899	29.693	0.43032
6.8034	62.487	0.25478	61.846	0.26341	6.8034	31.175	0.40978	29.723	0.43108
6.8554	62.544	0.25509	61.904	0.26372	6.8554	31.232	0.40903	29.779	0.43026
6.9073	62.599	0.25576	61.96	0.26439	6.9073	31.266	0.4084	29.813	0.4296
6.9592	62.637	0.25544	61.998	0.26406	6.9592	31.297	0.40816	29.844	0.42933
7.0112	62.638	0.25515	62	0.26377	7.0112	31.329	0.40772	29.876	0.42885
7.0631	62.647	0.25496	62.01	0.26357	7.0631	31.343	0.40872	29.89	0.42984
7.115	62.664	0.25522	62.029	0.26384	7.115	31.375	0.40811	29.923	0.42917
7.167	62.708	0.25604	62.074	0.26466	7.167	31.391	0.40712	29.939	0.42814
7.2189	62.753	0.25559	62.12	0.26419	7.2189	31.444	0.40627	29.991	0.42723
7.2708	62.808	0.25496	62.176	0.26355	7.2708	31.475	0.40648	30.023	0.4274
7.3228	62.812	0.25496	62.18	0.26355	7.3228	31.484	0.40634	30.033	0.42723
7.3747	62.822	0.25436	62.193	0.26294	7.3747	31.505	0.40605	30.054	0.42686
7.4266	62.903	0.25355	62.274	0.26211	7.4266	31.539	0.40657	30.086	0.42735
7.4786	62.948	0.25491	62.319	0.26348	7.4786	31.611	0.40484	30.157	0.42556
7.5305	62.905	0.2552	62.277	0.26376	7.5305	31.6	0.4041	30.148	0.4248
7.5824	62.929	0.25394	62.302	0.26249	7.5824	31.621	0.40497	30.168	0.42562
7.6344	62.945	0.25421	62.318	0.26276	7.6344	31.624	0.40443	30.171	0.42508
7.6863	62.929	0.25456	62.303	0.26311	7.6863	31.619	0.40389	30.167	0.42452
7.7382	62.942	0.25371	62.315	0.26225	7.7382	31.646	0.40338	30.193	0.42399
7.7902	62.96	0.25347	62.333	0.262	7.7902	31.643	0.40342	30.19	0.42401
7.8421	62.946	0.25326	62.319	0.26179	7.8421	31.653	0.40317	30.2	0.42372
7.8941	62.932	0.25325	62.306	0.26178	7.8941	31.651	0.40277	30.198	0.42331
7.946	62.932	0.25364	62.306	0.26218	7.946	31.637	0.40264	30.184	0.42318
7.9979	62.922	0.2539	62.297	0.26243	7.9979	31.618	0.40246	30.166	0.423
8.0499	62.913	0.25364	62.287	0.26217	8.0499	31.62	0.40252	30.168	0.42306
8.1018	62.97	0.25383	62.344	0.26235	8.1018	31.632	0.40192	30.178	0.42246
8.1537	62.888	0.25344	62.263	0.26197	8.1537	31.644	0.40265	30.191	0.42316
8.2057	62.937	0.25402	62.312	0.26255	8.2057	31.611	0.40234	30.159	0.42288
8.2576	62.94	0.25405	62.315	0.26258	8.2576	31.635	0.40201	30.182	0.42252
8.3095	62.925	0.25412	62.301	0.26266	8.3095	31.62	0.40219	30.168	0.42272
8.3615	62.899	0.2544	62.275	0.26294	8.3615	31.599	0.40214	30.149	0.42266
8.4134	62.904	0.25395	62.28	0.26249	8.4134	31.593	0.4027	30.142	0.42325
8.4653	62.911	0.25392	62.286	0.26246	8.4653	31.599	0.40248	30.148	0.42303
8.5173	62.902	0.25363	62.278	0.26217	8.5173	31.604	0.40321	30.154	0.42375
8.5692	62.908	0.25455	62.284	0.26309	8.5692	31.594	0.40191	30.143	0.42246
8.6211	62.883	0.25361	62.259	0.26215	8.6211	31.578	0.40297	30.128	0.42353
8.6731	62.883	0.2539	62.258	0.26245	8.6731	31.595	0.40257	30.144	0.42312
8.725	62.865	0.25383	62.24	0.26238	8.725	31.564	0.4025	30.112	0.42308
8.7769	62.823	0.25322	62.197	0.26176	8.7769	31.541	0.40303	30.09	0.42362
8.8289	62.775	0.25288	62.149	0.26143	8.8289	31.499	0.40416	30.049	0.42478
8.8808	62.821	0.25302	62.193	0.26156	8.8808	31.507	0.40343	30.057	0.42407
8.9327	62.778	0.25252	62.15	0.26107	8.9327	31.483	0.40412	30.033	0.42477
8.9847	62.779	0.25276	62.15	0.26131	8.9847	31.48	0.40347	30.029	0.42413
9.0366	62.753	0.25275	62.124	0.26129	9.0366	31.45	0.40362	30	0.4243
9.0885	62.69	0.25248	62.061	0.26103	9.0885	31.407	0.40468	29.958	0.4254
9.1405	62.729	0.25263	62.099	0.26118	9.1405	31.406	0.40413	29.956	0.42487
9.1924	62.711	0.25241	62.08	0.26097	9.1924	31.406	0.40445	29.956	0.42519
9.2444	62.672	0.25241	62.04	0.26096	9.2444	31.352	0.40498	29.903	0.42577
9.2963	62.657	0.25228	62.024	0.26084	9.2963	31.343	0.40535	29.894	0.42615
9.3482	62.638	0.25209	62.004	0.26066	9.3482	31.317	0.40599	29.868	0.42682
9.4002	62.628	0.2521	61.994	0.26068	9.4002	31.3	0.40638	29.85	0.42726
9.4521	62.613	0.25192	61.978	0.26051	9.4521	31.289	0.40687	29.838	0.42776
9.504	62.567	0.25209	61.932	0.26068	9.504	31.244	0.40684	29.795	0.42777
9.556	62.569	0.25284	61.934	0.26144	9.556	31.217	0.406	29.767	0.42695
9.6079	62.529	0.25224	61.893	0.26084	9.6079	31.194	0.40738	29.745	0.42836
9.6598	62.485	0.25234	61.849	0.26095	9.6598	31.154	0.40845	29.706	0.42949
9.7118	62.513	0.25258	61.875	0.2612	9.7118	31.148	0.4079	29.7	0.42894
9.7637	62.47	0.25267	61.832	0.26129	9.7637	31.112	0.40821	29.664	0.42929
9.8156	62.487	0.25231	61.847	0.26093	9.8156	31.117	0.40851	29.669	0.4296
9.8676	62.458	0.25203	61.818	0.26066	9.8676	31.096	0.40932	29.648	0.43044
9.9195	62.454	0.25238	61.813	0.261	9.9195	31.061	0.40926	29.614	0.43043
9.9714	62.452	0.25202	61.811	0.26065	9.9714	31.047	0.40844	29.599	0.4296
10.023	62.386	0.25221	61.745	0.26085	10.023	30.966	0.40963	29.52	0.43087
10.075	62.369	0.25247	61.728	0.26112	10.075	30.967	0.40959	29.521	0.43083
10.127	62.368	0.25272	61.725	0.26137	10.127	30.932	0.4099	29.487	0.43119
10.179	62.307	0.25215	61.664	0.26081	10.179	30.925	0.41075	29.481	0.43205
10.231	62.31	0.25237	61.666	0.26104	10.231	30.901	0.41118	29.455	0.43252
10.283	62.289	0.25264	61.645	0.26132	10.283	30.865	0.4112	29.42	0.43258
10.335	62.235	0.2528	61.591	0.26149	10.335	30.805	0.41164	29.361	0.43307
10.387	62.215	0.2529	61.569	0.26159	10.387	30.793	0.41227	29.349	0.43374
10.439	62.169	0.25243	61.522	0.26113	10.439	30.782	0.41306	29.338	0.43455
10.491	62.158	0.25322	61.511	0.26193	10.491	30.746	0.41235	29.302	0.43387
10.543	62.152	0.25306	61.504	0.26177	10.543	30.723	0.41267	29.279	0.43423
10.595	62.132	0.25244	61.482	0.26116	10.595	30.703	0.41401	29.26	0.43563
10.647	62.075	0.25312	61.425	0.26185	10.647	30.638	0.41411	29.195	0.43578
10.699	62.007	0.25298	61.357	0.26172	10.699	30.609	0.41506	29.167	0.43675
10.75	62.016	0.25324	61.366	0.26198	10.75	30.6	0.415	29.158	0.43672
10.802	62.016	0.25345	61.365	0.26219	10.802	30.586	0.41417	29.143	0.4359
10.854	61.991	0.25309	61.339	0.26183	10.854	30.572	0.41442	29.129	0.43616
10.906	61.955	0.25295	61.303	0.26169	10.906	30.548	0.4146	29.106	0.43635
10.958	61.928	0.25242	61.275	0.26118	10.958	30.532	0.41534	29.09	0.4371
11.01	61.956	0.25327	61.302	0.26202	11.01	30.526	0.41432	29.083	0.43611
11.062	61.885	0.2525	61.23	0.26126	11.062	30.508	0.41558	29.066	0.43739
11.114	61.857	0.25307	61.202	0.26185	11.114	30.464	0.41554	29.022	0.43737
11.166	61.837	0.25324	61.182	0.26204	11.166	30.453	0.41701	29.012	0.4389
11.218	61.846	0.25374	61.19	0.26254	11.218	30.447	0.41654	29.005	0.43846
11.27	61.826	0.25381	61.169	0.26262	11.27	30.42	0.41642	28.978	0.43836
11.322	61.785	0.2533	61.128	0.2621	11.322	30.405	0.41735	28.964	0.43932
11.374	61.765	0.25362	61.107	0.26244	11.374	30.399	0.41666	28.957	0.43863
11.426	61.729	0.25404	61.07	0.26287	11.426	30.369	0.41606	28.927	0.43804
11.478	61.679	0.25428	61.021	0.26313	11.478	30.329	0.41593	28.888	0.43791
11.529	61.692	0.25412	61.032	0.26295	11.529	30.34	0.4161	28.898	0.43811
11.581	61.643	0.25412	60.982	0.26296	11.581	30.278	0.41669	28.837	0.43875
11.633	61.597	0.25426	60.936	0.2631	11.633	30.25	0.41704	28.81	0.43915
11.685	61.595	0.25436	60.933	0.26321	11.685	30.228	0.41724	28.788	0.43939
11.737	61.59	0.2537	60.927	0.26254	11.737	30.223	0.4173	28.782	0.43946
11.789	61.54	0.2534	60.875	0.26225	11.789	30.205	0.41826	28.765	0.44045
11.841	61.509	0.25446	60.844	0.26333	11.841	30.163	0.41749	28.722	0.4397
11.893	61.476	0.25428	60.81	0.26316	11.893	30.15	0.41792	28.709	0.44016
11.945	61.435	0.25515	60.769	0.26403	11.945	30.09	0.418	28.651	0.44032
11.997	61.443	0.25433	60.776	0.26321	11.997	30.088	0.41813	28.647	0.44045
12.049	61.411	0.25374	60.743	0.26263	12.049	30.07	0.41897	28.63	0.4413
12.101	61.358	0.25341	60.689	0.26231	12.101	30.044	0.41991	28.604	0.44229
12.153	61.335	0.25334	60.665	0.26224	12.153	30.043	0.42076	28.604	0.44316
12.205	61.285	0.25457	60.615	0.2635	12.205	29.991	0.42093	28.552	0.4434
12.257	61.29	0.25449	60.619	0.26342	12.257	29.977	0.42057	28.538	0.44304
12.308	61.305	0.25444	60.633	0.26337	12.308	29.982	0.41989	28.542	0.44237
12.36	61.245	0.25408	60.573	0.26302	12.36	29.949	0.42088	28.509	0.44336
12.412	61.257	0.25504	60.584	0.26399	12.412	29.938	0.41957	28.497	0.44206
12.464	61.2	0.25536	60.526	0.26431	12.464	29.906	0.41991	28.466	0.44245
12.516	61.156	0.25424	60.48	0.26319	12.516	29.895	0.4208	28.456	0.44337
12.568	61.155	0.25483	60.479	0.26379	12.568	29.861	0.41992	28.421	0.44248
12.62	61.127	0.25445	60.45	0.26341	12.62	29.84	0.42065	28.401	0.44326
12.672	61.102	0.25388	60.424	0.26283	12.672	29.784	0.42231	28.346	0.44504
12.724	61.061	0.25358	60.382	0.26254	12.724	29.765	0.42321	28.326	0.44596
12.776	61.091	0.2549	60.412	0.26387	12.776	29.742	0.42195	28.303	0.44473
12.828	61.026	0.2544	60.345	0.26336	12.828	29.694	0.42373	28.257	0.44662
12.88	61.026	0.25377	60.345	0.26274	12.88	29.698	0.42409	28.259	0.44696
12.932	61.046	0.25411	60.365	0.2631	12.932	29.675	0.42343	28.237	0.4463
12.984	61.022	0.25386	60.34	0.26285	12.984	29.674	0.42448	28.237	0.44735
13.036	61.069	0.25398	60.387	0.26298	13.036	29.684	0.42432	28.246	0.44719
13.088	61.15	0.25486	60.466	0.26385	13.088	29.677	0.42235	28.238	0.44523
13.139	61.112	0.25396	60.427	0.26294	13.139	29.663	0.42335	28.223	0.44624
13.191	61.067	0.25326	60.382	0.26225	13.191	29.682	0.42449	28.242	0.44738
13.243	61.039	0.25283	60.354	0.26183	13.243	29.687	0.42536	28.249	0.44825
13.295	61.009	0.25383	60.323	0.26284	13.295	29.625	0.42522	28.187	0.44818
13.347	61.019	0.25389	60.331	0.26291	13.347	29.604	0.42594	28.165	0.44899
13.399	60.947	0.25261	60.258	0.26162	13.399	29.551	0.42816	28.114	0.4513
13.451	60.946	0.25406	60.256	0.2631	13.451	29.515	0.42783	28.078	0.45101
13.503	60.929	0.25553	60.24	0.26458	13.503	29.476	0.42687	28.039	0.45011
13.555	60.876	0.25465	60.185	0.26371	13.555	29.446	0.42851	28.01	0.4518
13.607	60.852	0.25471	60.16	0.26378	13.607	29.462	0.42862	28.025	0.45189
13.659	60.897	0.25565	60.205	0.26473	13.659	29.436	0.42746	27.998	0.45075
13.711	60.855	0.25603	60.162	0.26511	13.711	29.415	0.42688	27.976	0.45019
13.763	60.846	0.25496	60.151	0.26404	13.763	29.446	0.42842	28.007	0.45174
13.815	60.834	0.25427	60.138	0.26335	13.815	29.471	0.42922	28.032	0.45254
13.867	60.775	0.2551	60.08	0.26422	13.867	29.44	0.42817	28.001	0.45146
13.918	60.826	0.25768	60.132	0.26682	13.918	29.38	0.42513	27.94	0.44843
13.97	60.854	0.25747	60.158	0.26659	13.97	29.417	0.42513	27.976	0.44843
14.022	60.755	0.25577	60.057	0.26488	14.022	29.414	0.42766	27.974	0.45101
14.074	60.708	0.25566	60.01	0.2648	14.074	29.368	0.42775	27.928	0.45112
14.126	60.8	0.25796	60.101	0.26711	14.126	29.33	0.42452	27.888	0.44788
14.178	60.792	0.25802	60.093	0.26716	14.178	29.323	0.42524	27.883	0.44865
14.23	60.63	0.25471	59.929	0.26384	14.23	29.354	0.42961	27.914	0.45304
14.282	60.543	0.2546	59.842	0.26375	14.282	29.311	0.429	27.871	0.45241
14.334	60.589	0.25599	59.888	0.26516	14.334	29.257	0.42702	27.817	0.45048
14.386	60.602	0.25602	59.9	0.26519	14.386	29.248	0.42722	27.807	0.4507
14.438	60.621	0.25562	59.917	0.26479	14.438	29.264	0.42843	27.822	0.45195
14.49	60.576	0.25657	59.873	0.26575	14.49	29.22	0.42618	27.777	0.44969
14.542	60.54	0.25674	59.836	0.26594	14.542	29.157	0.42707	27.716	0.45063
14.594	60.47	0.25622	59.765	0.26541	14.594	29.151	0.4299	27.711	0.45358
14.646	60.455	0.25688	59.749	0.2661	14.646	29.062	0.42901	27.622	0.45274
14.697	60.445	0.25734	59.738	0.26656	14.697	29.025	0.42825	27.585	0.45202
14.749	60.329	0.25621	59.622	0.26543	14.749	29.044	0.43245	27.605	0.45628
14.801	60.365	0.25681	59.657	0.26605	14.801	29.006	0.4315	27.567	0.45539
14.853	60.355	0.25758	59.647	0.26683	14.853	28.967	0.43052	27.527	0.45442
14.905	60.318	0.2569	59.61	0.26615	14.905	29.001	0.43188	27.562	0.45578
14.957	60.303	0.25652	59.593	0.26577	14.957	28.975	0.43235	27.536	0.4563
15.009	60.274	0.25761	59.564	0.26686	15.009	28.919	0.43206	27.48	0.45608
15.061	60.236	0.25727	59.525	0.26653	15.061	28.919	0.43341	27.481	0.45749
15.113	60.181	0.25725	59.469	0.26652	15.113	28.861	0.43456	27.423	0.45875
15.165	60.165	0.25805	59.452	0.26733	15.165	28.846	0.43207	27.406	0.4562
15.217	60.016	0.25772	59.304	0.267	15.217	28.814	0.43456	27.376	0.45882
15.269	59.944	0.25642	59.23	0.26572	15.269	28.816	0.43811	27.379	0.46245
15.321	59.981	0.2579	59.266	0.26723	15.321	28.761	0.43551	27.323	0.45984
15.373	59.936	0.25928	59.223	0.26862	15.373	28.715	0.43502	27.278	0.45942
15.425	59.884	0.25752	59.168	0.26685	15.425	28.711	0.43866	27.275	0.46314
15.476	59.862	0.2583	59.146	0.26766	15.476	28.686	0.43791	27.25	0.46241
15.528	59.85	0.25953	59.135	0.26891	15.528	28.643	0.43633	27.206	0.46081
15.58	59.853	0.25987	59.136	0.26924	15.58	28.631	0.43626	27.194	0.4608
15.632	59.83	0.2581	59.112	0.26746	15.632	28.649	0.43783	27.212	0.46237
15.684	59.813	0.25728	59.094	0.26663	15.684	28.624	0.43832	27.187	0.46289
15.736	59.817	0.2579	59.097	0.26725	15.736	28.589	0.4371	27.151	0.46167
15.788	59.785	0.25736	59.064	0.26673	15.788	28.587	0.43917	27.15	0.46378
15.84	59.758	0.2573	59.036	0.26668	15.84	28.573	0.44065	27.137	0.46534
15.892	59.779	0.25884	59.058	0.26824	15.892	28.516	0.43914	27.079	0.46388
15.944	59.744	0.25873	59.022	0.26813	15.944	28.504	0.43973	27.067	0.4645
15.996	59.738	0.25785	59.014	0.26724	15.996	28.489	0.4408	27.052	0.46564
16.048	59.74	0.25769	59.014	0.26708	16.048	28.482	0.44089	27.044	0.46575
16.1	59.683	0.25896	58.959	0.2684	16.1	28.428	0.44065	26.992	0.46549
16.152	59.7	0.25984	58.975	0.26928	16.152	28.426	0.44082	26.989	0.46575
16.204	59.642	0.25819	58.916	0.26762	16.204	28.411	0.4431	26.976	0.46812
16.256	59.627	0.25962	58.902	0.26906	16.256	28.368	0.44108	26.931	0.46608
16.307	59.575	0.25898	58.848	0.26843	16.307	28.34	0.44214	26.905	0.46717
16.359	59.534	0.25778	58.806	0.26722	16.359	28.349	0.44384	26.913	0.46891
16.411	59.479	0.2573	58.751	0.26675	16.411	28.391	0.44586	26.955	0.47095
16.463	59.51	0.25966	58.783	0.26914	16.463	28.333	0.44324	26.897	0.46838
16.515	59.584	0.25973	58.855	0.26919	16.515	28.356	0.44258	26.918	0.46775
16.567	59.612	0.25797	58.88	0.26744	16.567	28.398	0.44443	26.959	0.46956
16.619	59.616	0.2587	58.885	0.26818	16.619	28.356	0.44373	26.917	0.46889
16.671	59.642	0.25896	58.91	0.26844	16.671	28.355	0.44211	26.914	0.46728
16.723	59.611	0.25901	58.878	0.26849	16.723	28.33	0.44155	26.889	0.46673
16.775	59.61	0.25874	58.875	0.26821	16.775	28.305	0.44182	26.864	0.46702
16.827	59.603	0.25832	58.867	0.26779	16.827	28.281	0.44288	26.841	0.46814
16.879	59.592	0.25829	58.855	0.26776	16.879	28.219	0.44335	26.779	0.46871
16.931	59.537	0.25832	58.8	0.26781	16.931	28.194	0.44434	26.754	0.46975
16.983	59.537	0.25847	58.799	0.26795	16.983	28.178	0.44514	26.74	0.47058
17.035	59.526	0.25778	58.786	0.26724	17.035	28.141	0.44497	26.702	0.47045
17.086	59.499	0.25745	58.759	0.26691	17.086	28.089	0.44562	26.651	0.4712
17.138	59.418	0.25593	58.678	0.26539	17.138	28.09	0.44811	26.654	0.47372
17.19	59.463	0.25687	58.722	0.26632	17.19	28.058	0.44641	26.621	0.47204
17.242	59.382	0.25638	58.64	0.26584	17.242	27.983	0.45002	26.549	0.47584
17.294	59.362	0.25675	58.619	0.26621	17.294	27.968	0.4508	26.533	0.4767
17.346	59.333	0.25622	58.589	0.26568	17.346	27.952	0.45127	26.517	0.4772
17.398	59.315	0.25733	58.57	0.26681	17.398	27.871	0.45044	26.437	0.47644
17.45	59.29	0.25701	58.544	0.26649	17.45	27.868	0.45207	26.434	0.47817
17.502	59.255	0.25568	58.507	0.26516	17.502	27.82	0.45267	26.387	0.4788
17.554	59.241	0.25719	58.494	0.26668	17.554	27.768	0.45235	26.335	0.47855
17.606	59.225	0.25584	58.476	0.26533	17.606	27.783	0.45459	26.35	0.48088
17.658	59.165	0.25533	58.416	0.26483	17.658	27.744	0.456	26.313	0.48233
17.71	59.172	0.25628	58.422	0.26578	17.71	27.703	0.45529	26.271	0.4817
17.762	59.094	0.25593	58.343	0.26543	17.762	27.635	0.4572	26.207	0.48373
17.814	59.109	0.25605	58.357	0.26556	17.814	27.609	0.45697	26.179	0.48355
17.865	59.089	0.25576	58.335	0.26525	17.865	27.58	0.45742	26.151	0.48408
17.917	59.049	0.25485	58.295	0.26434	17.917	27.532	0.45909	26.105	0.48583
17.969	58.977	0.25431	58.222	0.2638	17.969	27.479	0.46098	26.052	0.48783
18.021	58.934	0.25359	58.178	0.2631	18.021	27.519	0.46333	26.092	0.4902
18.073	58.935	0.25368	58.179	0.26319	18.073	27.512	0.46329	26.086	0.49019
18.125	58.927	0.25442	58.17	0.26393	18.125	27.465	0.46181	26.038	0.48873
18.177	58.865	0.25409	58.108	0.26362	18.177	27.462	0.46326	26.035	0.49022
18.229	58.823	0.25384	58.066	0.26338	18.229	27.4	0.46417	25.976	0.49122
18.281	58.824	0.25451	58.066	0.26404	18.281	27.393	0.46429	25.969	0.49136
18.333	58.801	0.25341	58.042	0.26294	18.333	27.385	0.46528	25.962	0.49237
18.385	58.772	0.25318	58.012	0.26272	18.385	27.379	0.46694	25.956	0.49414
18.437	58.728	0.25348	57.967	0.26302	18.437	27.345	0.46789	25.922	0.49516
18.489	58.753	0.2536	57.991	0.26315	18.489	27.334	0.46708	25.911	0.49436
18.541	58.698	0.25276	57.935	0.26231	18.541	27.323	0.46988	25.902	0.49727
18.593	58.695	0.2532	57.93	0.26277	18.593	27.294	0.4697	25.872	0.49714
18.645	58.646	0.25201	57.881	0.26158	18.645	27.302	0.47104	25.881	0.49848
18.696	58.591	0.2532	57.826	0.26277	18.696	27.286	0.47167	25.866	0.49919
18.748	58.595	0.25198	57.829	0.26157	18.748	27.278	0.47465	25.859	0.50224
18.8	58.546	0.25291	57.781	0.26253	18.8	27.242	0.47458	25.824	0.5022
18.852	58.547	0.25459	57.782	0.26423	18.852	27.265	0.47349	25.846	0.50111
18.904	58.548	0.25432	57.782	0.26396	18.904	27.271	0.4748	25.851	0.50248
18.956	58.524	0.25368	57.757	0.26333	18.956	27.266	0.47562	25.847	0.50329
19.008	58.475	0.25546	57.709	0.26514	19.008	27.217	0.47576	25.8	0.50353
19.06	58.44	0.25557	57.674	0.26526	19.06	27.222	0.47696	25.806	0.50478
19.112	58.45	0.25502	57.682	0.26469	19.112	27.171	0.47744	25.755	0.50535
19.164	58.356	0.25328	57.587	0.26298	19.164	27.168	0.48033	25.754	0.50826
19.216	58.397	0.25569	57.629	0.2654	19.216	27.161	0.47785	25.746	0.5058
19.268	58.39	0.2548	57.619	0.26449	19.268	27.156	0.47925	25.741	0.50727
19.32	58.327	0.25377	57.555	0.26347	19.32	27.06	0.48144	25.648	0.50958
19.372	58.334	0.25554	57.562	0.26523	19.372	27.061	0.47832	25.647	0.50643
19.424	58.278	0.25393	57.505	0.26362	19.424	27.116	0.48078	25.701	0.50887
19.475	58.251	0.25359	57.477	0.2633	19.475	27.063	0.48365	25.652	0.5119
19.527	58.269	0.25525	57.495	0.26497	19.527	27.012	0.4821	25.601	0.51042
19.579	58.189	0.25432	57.415	0.26404	19.579	27.018	0.48518	25.608	0.51357
19.631	58.111	0.25359	57.336	0.26333	19.631	26.953	0.48799	25.547	0.51656
19.683	58.161	0.25537	57.386	0.26512	19.683	26.915	0.4872	25.509	0.51583
19.735	58.108	0.25433	57.331	0.26409	19.735	26.941	0.49089	25.536	0.51961
19.787	58.066	0.25497	57.29	0.26475	19.787	26.91	0.4905	25.506	0.51925
19.839	58.066	0.25624	57.289	0.26602	19.839	26.872	0.4898	25.468	0.51861
19.891	58.036	0.25465	57.258	0.26442	19.891	26.849	0.49225	25.447	0.52117
19.943	58.001	0.2546	57.222	0.26439	19.943	26.853	0.49151	25.45	0.52037
19.995	57.993	0.25579	57.213	0.26559	19.995	26.824	0.49098	25.421	0.5199
20.047	57.959	0.25603	57.179	0.26583	20.047	26.811	0.49221	25.409	0.52121
20.099	57.891	0.25439	57.11	0.2642	20.099	26.836	0.49319	25.433	0.52214
20.151	57.891	0.25585	57.111	0.26568	20.151	26.773	0.49193	25.371	0.52093
20.203	57.902	0.25551	57.121	0.26535	20.203	26.85	0.49276	25.446	0.52168
20.254	57.888	0.25591	57.107	0.26576	20.254	26.896	0.49289	25.492	0.52178
20.306	57.829	0.25612	57.049	0.26598	20.306	26.932	0.49377	25.528	0.52266
20.358	57.872	0.25552	57.092	0.26539	20.358	26.88	0.49337	25.477	0.52225
