Time	Fascicle Length R1_F1	Pennation Angle R1_F1	Fascicle Length R1_F2	Pennation Angle R1_F2	
0.055261	72.764	0.18454	66.935	0.17504
0.11052	72.844	0.18404	66.245	0.19123
0.16578	72.863	0.1832	66.262	0.19038
0.22104	72.944	0.18314	66.336	0.19032
0.2763	73.008	0.18286	66.395	0.19003
0.33156	73.083	0.18217	66.464	0.18933
0.38683	73.141	0.18109	66.516	0.18823
0.44209	73.169	0.18103	66.542	0.18817
0.49735	73.297	0.18064	66.659	0.18776
0.55261	73.348	0.17985	66.705	0.18697
0.60787	73.41	0.17906	66.761	0.18616
0.66313	73.46	0.17871	66.807	0.18581
0.71839	73.532	0.17844	66.872	0.18553
0.77365	73.593	0.17803	66.928	0.18511
0.82891	73.634	0.17755	66.966	0.18462
0.88417	73.675	0.17645	67.003	0.1835
0.93943	73.696	0.17687	67.022	0.18393
0.99469	73.788	0.17659	67.106	0.18365
1.05	73.85	0.17603	67.163	0.18308
1.1052	73.9	0.17595	67.208	0.18299
1.1605	73.999	0.17523	67.298	0.18225
1.2157	74.111	0.17469	67.4	0.18171
1.271	74.223	0.17413	67.501	0.18113
1.3263	74.295	0.1739	67.567	0.18091
1.3815	74.354	0.17383	67.621	0.18082
1.4368	74.434	0.1738	67.694	0.18078
1.492	74.483	0.17334	67.738	0.18031
1.5473	74.539	0.17281	67.789	0.17977
1.6026	74.617	0.17235	67.86	0.1793
1.6578	74.715	0.17184	67.949	0.17877
1.7131	74.776	0.17107	68.005	0.178
1.7683	74.882	0.1704	68.101	0.17732
1.8236	74.922	0.17009	68.137	0.177
1.8789	74.996	0.17014	68.205	0.17704
1.9341	75.07	0.16961	68.272	0.1765
1.9894	75.174	0.16937	68.367	0.17625
2.0447	75.169	0.16881	68.362	0.1757
2.0999	75.287	0.16773	68.469	0.17461
2.1552	75.355	0.16788	68.531	0.17475
2.2104	75.465	0.16777	68.633	0.17463
2.2657	75.557	0.16644	68.716	0.17328
2.321	75.59	0.16613	68.747	0.17296
2.3762	75.704	0.16525	68.85	0.17207
2.4315	75.809	0.165	68.946	0.17181
2.4867	75.839	0.16474	68.974	0.17155
2.542	75.96	0.16381	69.084	0.17061
2.5973	75.988	0.16364	69.11	0.17043
2.6525	76.067	0.16332	69.182	0.17009
2.7078	76.144	0.16212	69.251	0.16889
2.763	76.15	0.16253	69.258	0.1693
2.8183	76.278	0.162	69.374	0.16875
2.8736	76.336	0.16153	69.427	0.16828
2.9288	76.375	0.16133	69.463	0.16807
2.9841	76.473	0.16085	69.552	0.16757
3.0393	76.535	0.1601	69.609	0.16682
3.0946	76.614	0.16002	69.681	0.16673
3.1499	76.619	0.15975	69.686	0.16646
3.2051	76.682	0.159	69.743	0.1657
3.2604	76.798	0.15833	69.848	0.16502
3.3156	76.85	0.15795	69.895	0.16463
3.3709	76.944	0.15772	69.981	0.1644
3.4262	77.013	0.15709	70.043	0.16376
3.4814	76.996	0.15685	70.028	0.16352
3.5367	77.037	0.15613	70.066	0.1628
3.592	77.146	0.15475	70.165	0.16141
3.6472	77.21	0.15493	70.223	0.16159
3.7025	77.35	0.15441	70.351	0.16105
3.7577	77.337	0.15395	70.339	0.16059
3.813	77.342	0.15263	70.344	0.15927
3.8683	77.361	0.15195	70.361	0.15858
3.9235	77.367	0.15232	70.367	0.15896
3.9788	77.388	0.1514	70.385	0.15803
4.034	77.429	0.15116	70.423	0.1578
4.0893	77.45	0.15149	70.442	0.15814
4.1446	77.469	0.15225	70.46	0.1589
4.1998	77.543	0.15173	70.527	0.15838
4.2551	77.616	0.15011	70.593	0.15674
4.3103	77.689	0.14892	70.659	0.15554
4.3656	77.735	0.14926	70.701	0.15587
4.4209	77.762	0.14888	70.726	0.1555
4.4761	77.784	0.14794	70.745	0.15455
4.5314	77.89	0.14856	70.843	0.15517
4.5866	77.979	0.14814	70.923	0.15474
4.6419	78.046	0.14761	70.984	0.15419
4.6972	78.142	0.14648	71.071	0.15305
4.7524	78.215	0.14572	71.138	0.1523
4.8077	78.299	0.14573	71.215	0.15229
4.863	78.302	0.14598	71.217	0.15253
4.9182	78.344	0.146	71.256	0.15255
4.9735	78.394	0.14533	71.301	0.15188
5.0287	78.455	0.14517	71.357	0.15171
5.084	78.502	0.14547	71.399	0.15202
5.1393	78.554	0.14452	71.445	0.15106
5.1945	78.634	0.14406	71.518	0.15058
5.2498	78.743	0.14374	71.618	0.15025
5.305	78.762	0.1433	71.635	0.14982
5.3603	78.855	0.14361	71.719	0.15011
5.4156	78.921	0.14344	71.78	0.14994
5.4708	79.051	0.14292	71.898	0.1494
5.5261	79.051	0.14249	71.898	0.14897
5.5813	79.11	0.14211	71.952	0.14858
5.6366	79.178	0.14241	72.014	0.14888
5.6919	79.231	0.14159	72.062	0.14805
5.7471	79.291	0.14139	72.117	0.14785
5.8024	79.352	0.14171	72.173	0.14816
5.8576	79.42	0.14117	72.234	0.14761
5.9129	79.51	0.1407	72.317	0.14714
5.9682	79.521	0.14112	72.327	0.14755
6.0234	79.563	0.14077	72.364	0.14719
6.0787	79.65	0.14014	72.444	0.14655
6.134	79.817	0.13991	72.596	0.1463
6.1892	79.851	0.13941	72.626	0.1458
6.2445	79.932	0.13956	72.7	0.14595
6.2997	79.962	0.13929	72.728	0.14569
6.355	79.951	0.13867	72.717	0.14507
6.4103	79.964	0.13887	72.73	0.14527
6.4655	80.028	0.13908	72.787	0.14547
6.5208	80.068	0.13969	72.825	0.14608
6.576	80.002	0.14068	72.765	0.14707
6.6313	80.05	0.14031	72.808	0.1467
6.6866	80.08	0.1405	72.836	0.14689
6.7418	80.136	0.14026	72.887	0.14664
6.7971	80.118	0.14052	72.871	0.1469
6.8523	80.171	0.14019	72.919	0.14657
6.9076	80.169	0.14015	72.917	0.14654
6.9629	80.158	0.14043	72.907	0.14681
7.0181	80.165	0.14095	72.914	0.14733
7.0734	80.208	0.14088	72.953	0.14726
7.1286	80.183	0.14076	72.93	0.14714
7.1839	80.154	0.14027	72.903	0.14666
7.2392	80.194	0.13973	72.939	0.14611
7.2944	80.161	0.14088	72.91	0.14727
7.3497	80.115	0.14206	72.869	0.14846
7.405	80.044	0.14215	72.804	0.14855
7.4602	80.001	0.14194	72.765	0.14833
7.5155	79.959	0.14163	72.727	0.14804
7.5707	79.939	0.14249	72.709	0.1489
7.626	79.885	0.14274	72.659	0.14916
7.6813	79.767	0.14281	72.552	0.14924
7.7365	79.689	0.14304	72.481	0.14947
7.7918	79.649	0.14302	72.445	0.14945
7.847	79.632	0.14344	72.429	0.14987
7.9023	79.537	0.14366	72.343	0.15011
7.9576	79.528	0.14381	72.334	0.15025
8.0128	79.489	0.14337	72.298	0.14982
8.0681	79.483	0.14292	72.292	0.14937
8.1233	79.394	0.14347	72.212	0.14994
8.1786	79.316	0.14351	72.141	0.14998
8.2339	79.298	0.14403	72.124	0.1505
8.2891	79.234	0.14472	72.066	0.1512
8.3444	79.226	0.14473	72.059	0.15121
8.3996	79.133	0.14429	71.974	0.15078
8.4549	79.055	0.14425	71.903	0.15075
8.5102	78.995	0.14498	71.848	0.15149
8.5654	78.976	0.14518	71.831	0.15168
8.6207	79.031	0.14506	71.881	0.15156
8.676	78.852	0.14496	71.717	0.15148
8.7312	78.779	0.14504	71.651	0.15158
8.7865	78.776	0.14656	71.648	0.15309
8.8417	78.769	0.14584	71.641	0.15238
8.897	78.643	0.14585	71.527	0.15241
8.9523	78.513	0.14715	71.409	0.15372
9.0075	78.483	0.14821	71.381	0.15479
9.0628	78.471	0.14839	71.37	0.15497
9.118	78.372	0.149	71.28	0.15559
9.1733	78.365	0.14918	71.274	0.15577
9.2286	78.276	0.14956	71.194	0.15616
9.2838	78.201	0.15022	71.125	0.15683
9.3391	78.138	0.14926	71.067	0.15588
9.3943	77.982	0.15076	70.925	0.15739
9.4496	77.935	0.15103	70.883	0.15767
9.5049	77.915	0.15089	70.864	0.15753
9.5601	77.836	0.1512	70.793	0.15785
9.6154	77.759	0.1516	70.722	0.15827
9.6706	77.824	0.15182	70.781	0.15848
9.7259	77.767	0.15203	70.729	0.15871
9.7812	77.626	0.15254	70.601	0.15923
9.8364	77.624	0.15327	70.599	0.15997
9.8917	77.594	0.15335	70.572	0.16005
9.9469	77.443	0.15389	70.435	0.1606
10.002	77.436	0.1531	70.428	0.15981
10.057	77.346	0.15418	70.346	0.16089
10.113	77.341	0.15412	70.341	0.16085
10.168	77.228	0.15484	70.238	0.16157
10.223	77.138	0.15504	70.157	0.16178
10.279	77.096	0.15512	70.119	0.16187
10.334	77.026	0.15497	70.054	0.16173
10.389	76.985	0.15513	70.017	0.16189
10.444	76.898	0.15579	69.937	0.16257
10.5	76.845	0.15629	69.89	0.16308
10.555	76.698	0.1568	69.756	0.16361
10.61	76.736	0.15684	69.79	0.16365
10.665	76.655	0.1576	69.717	0.16441
10.721	76.519	0.15814	69.593	0.16497
10.776	76.463	0.15899	69.541	0.16584
10.831	76.349	0.15939	69.438	0.16624
10.886	76.322	0.15976	69.413	0.16662
10.942	76.29	0.15989	69.384	0.16676
10.997	76.223	0.15961	69.322	0.16649
11.052	76.068	0.15984	69.182	0.16674
11.107	75.949	0.16056	69.074	0.16748
11.163	75.872	0.16095	69.003	0.16788
11.218	75.8	0.16085	68.937	0.16779
11.273	75.974	0.1601	69.095	0.16704
11.328	75.801	0.16155	68.938	0.16851
11.384	75.797	0.16243	68.935	0.16938
11.439	75.755	0.1627	68.896	0.16966
11.494	75.669	0.16327	68.818	0.17024
11.55	75.574	0.16298	68.73	0.16997
11.605	75.467	0.16409	68.633	0.17109
11.66	75.397	0.16397	68.57	0.17098
11.715	75.332	0.16602	68.511	0.17305
11.771	75.294	0.16569	68.476	0.17272
11.826	75.28	0.16602	68.463	0.17305
11.881	75.197	0.16737	68.387	0.17441
11.936	75.096	0.16704	68.295	0.1741
11.992	74.973	0.16785	68.183	0.17492
12.047	74.914	0.16793	68.129	0.17502
12.102	74.906	0.16803	68.121	0.17513
12.157	74.889	0.16941	68.106	0.17651
12.213	74.804	0.16988	68.029	0.17699
12.268	74.733	0.16923	67.963	0.17635
12.323	74.615	0.17079	67.856	0.17793
12.378	74.565	0.17051	67.811	0.17765
12.434	74.471	0.17106	67.725	0.17822
12.489	74.387	0.17184	67.649	0.17902
12.544	74.38	0.17259	67.642	0.17978
12.599	74.343	0.17396	67.609	0.18115
12.655	74.273	0.17387	67.545	0.18107
12.71	74.262	0.1737	67.534	0.18091
12.765	74.204	0.17451	67.481	0.18172
12.821	74.141	0.17388	67.424	0.18112
12.876	74.13	0.17471	67.414	0.18195
12.931	74.155	0.17505	67.437	0.1823
12.986	74.107	0.17508	67.393	0.18233
13.042	74.062	0.17651	67.352	0.18378
13.097	74.053	0.17603	67.343	0.1833
13.152	74.006	0.17615	67.3	0.18343
13.207	73.976	0.17725	67.273	0.18455
13.263	73.929	0.1777	67.23	0.18501
13.318	73.907	0.17773	67.21	0.18505
13.373	73.837	0.17938	67.147	0.18672
13.428	73.781	0.17908	67.095	0.18642
13.484	73.68	0.18039	67.004	0.18775
13.539	73.659	0.18054	66.985	0.1879
13.594	73.577	0.18032	66.91	0.1877
13.649	73.613	0.18092	66.943	0.1883
13.705	73.658	0.18133	66.983	0.18872
13.76	73.517	0.18211	66.855	0.18952
13.815	73.368	0.18311	66.72	0.19054
13.87	73.296	0.18402	66.655	0.19147
13.926	73.267	0.18485	66.628	0.1923
13.981	73.294	0.18473	66.653	0.19219
14.036	73.249	0.18541	66.612	0.19288
14.092	73.203	0.18575	66.57	0.19323
14.147	73.101	0.1871	66.477	0.19459
14.202	73.063	0.1882	66.443	0.19571
14.257	72.971	0.18796	66.359	0.19547
14.313	72.906	0.18846	66.299	0.19599
14.368	72.875	0.18857	66.271	0.19612
14.423	72.791	0.19072	66.195	0.19828
14.478	72.748	0.19113	66.156	0.19869
14.534	72.646	0.19147	66.062	0.19904
14.589	72.585	0.19282	66.008	0.2004
14.644	72.546	0.19257	65.972	0.20016
14.699	72.522	0.19368	65.95	0.20128
14.755	72.507	0.19406	65.937	0.20167
14.81	72.457	0.19554	65.892	0.20316
14.865	72.417	0.19574	65.854	0.20339
14.92	72.396	0.19667	65.836	0.20433
14.976	72.366	0.19737	65.809	0.20503
15.031	72.314	0.19828	65.761	0.20597
15.086	72.28	0.1994	65.731	0.2071
15.141	72.323	0.2004	65.771	0.20811
15.197	72.327	0.20083	65.775	0.20856
15.252	72.249	0.20314	65.704	0.21088
15.307	72.198	0.20435	65.658	0.21209
15.363	72.072	0.20517	65.545	0.21293
15.418	71.941	0.2054	65.425	0.21318
15.473	71.889	0.20726	65.378	0.21506
15.528	71.751	0.20837	65.253	0.21619
15.584	71.64	0.20935	65.153	0.21719
15.639	71.624	0.20969	65.137	0.21753
15.694	71.558	0.21019	65.077	0.21804
15.749	71.51	0.21093	65.033	0.21879
15.805	71.481	0.21164	65.007	0.21952
15.86	71.452	0.21224	64.981	0.22012
15.915	71.361	0.21329	64.899	0.22119
15.97	71.316	0.21385	64.858	0.22176
16.026	71.234	0.21413	64.783	0.22206
16.081	71.148	0.21533	64.705	0.22328
16.136	71.099	0.21624	64.661	0.22419
16.191	71.01	0.21679	64.58	0.22474
16.247	70.946	0.21688	64.521	0.22485
16.302	70.892	0.21803	64.473	0.22602
16.357	70.877	0.21942	64.46	0.22742
16.412	70.84	0.22024	64.426	0.22825
16.468	70.783	0.22059	64.373	0.22861
16.523	70.834	0.22023	64.42	0.22825
16.578	70.759	0.22198	64.352	0.23002
16.634	70.717	0.22176	64.313	0.22982
16.689	70.601	0.22368	64.208	0.23176
16.744	70.588	0.22324	64.196	0.23133
16.799	70.54	0.22345	64.152	0.23154
16.855	70.505	0.22396	64.121	0.23206
16.91	70.476	0.22361	64.094	0.23172
16.965	70.46	0.22404	64.08	0.23215
17.02	70.461	0.22312	64.08	0.23123
17.076	70.456	0.22292	64.075	0.23103
17.131	70.494	0.22265	64.11	0.23076
17.186	70.5	0.223	64.116	0.23111
17.241	70.497	0.22248	64.113	0.2306
17.297	70.543	0.22242	64.155	0.23052
17.352	70.551	0.22226	64.162	0.23038
17.407	70.513	0.22301	64.128	0.23114
17.462	70.599	0.22315	64.207	0.23128
17.518	70.535	0.22242	64.149	0.23056
17.573	70.472	0.21942	64.09	0.22757
17.628	70.445	0.21673	64.063	0.2249
17.683	70.351	0.21118	63.974	0.2194
