Time	Fascicle Length R1_F1	Pennation Angle R1_F1	Fascicle Length R1_F2	Pennation Angle R1_F2	
0.055261	45.696	0.17836	46.532	0.221
0.11052	45.85	0.17818	46.696	0.22056
0.16578	45.917	0.17847	46.768	0.22074
0.22104	45.856	0.17923	46.717	0.22143
0.2763	45.956	0.17898	46.826	0.22101
0.33156	45.99	0.17899	46.863	0.22095
0.38683	45.955	0.17856	46.832	0.22051
0.44209	45.986	0.17812	46.863	0.22002
0.49735	46.062	0.17731	46.953	0.2191
0.55261	46.05	0.17722	46.938	0.21899
0.60787	46.11	0.17616	47.005	0.21779
0.66313	46.174	0.17501	47.068	0.21652
0.71839	46.171	0.17479	47.071	0.21623
0.77365	46.185	0.17437	47.089	0.21577
0.82891	46.232	0.17449	47.14	0.21576
0.88417	46.24	0.17416	47.148	0.21541
0.93943	46.254	0.17398	47.164	0.21523
0.99469	46.268	0.17391	47.178	0.21518
1.05	46.254	0.17364	47.164	0.21487
1.1052	46.231	0.17245	47.137	0.21366
1.1605	46.296	0.17165	47.205	0.21279
1.2157	46.314	0.17116	47.225	0.21224
1.271	46.308	0.17085	47.223	0.21191
1.3263	46.363	0.17004	47.283	0.21101
1.3815	46.389	0.16951	47.312	0.21042
1.4368	46.44	0.16854	47.367	0.2093
1.492	46.487	0.16747	47.412	0.20814
1.5473	46.498	0.16694	47.42	0.2076
1.6026	46.523	0.16623	47.45	0.20678
1.6578	46.602	0.16547	47.525	0.20591
1.7131	46.646	0.16464	47.571	0.20502
1.7683	46.636	0.16384	47.558	0.20428
1.8236	46.705	0.16255	47.627	0.20294
1.8789	46.707	0.16287	47.62	0.20334
1.9341	46.797	0.16271	47.723	0.203
1.9894	46.808	0.16264	47.741	0.20289
2.0447	46.899	0.16232	47.838	0.20249
2.0999	46.92	0.1619	47.862	0.20206
2.1552	46.9	0.16162	47.838	0.20186
2.2104	46.924	0.16129	47.858	0.20153
2.2657	46.947	0.16052	47.883	0.20068
2.321	46.978	0.1605	47.913	0.20064
2.3762	46.96	0.16031	47.898	0.20044
2.4315	47.026	0.15964	47.972	0.19962
2.4867	47.117	0.1592	48.072	0.19901
2.542	47.092	0.1595	48.049	0.19929
2.5973	47.138	0.15904	48.103	0.19877
2.6525	47.108	0.15922	48.072	0.19895
2.7078	47.118	0.15904	48.09	0.19871
2.763	47.124	0.15864	48.09	0.19831
2.8183	47.173	0.15822	48.139	0.19784
2.8736	47.187	0.15767	48.153	0.19727
2.9288	47.236	0.15729	48.204	0.19687
2.9841	47.265	0.15656	48.231	0.19618
3.0393	47.271	0.15637	48.235	0.19598
3.0946	47.338	0.15557	48.296	0.19518
3.1499	47.357	0.15528	48.316	0.19485
3.2051	47.428	0.15505	48.393	0.19452
3.2604	47.516	0.15506	48.488	0.19438
3.3156	47.554	0.15504	48.527	0.19433
3.3709	47.546	0.15502	48.526	0.19428
3.4262	47.566	0.15434	48.539	0.19365
3.4814	47.642	0.15409	48.621	0.19329
3.5367	47.64	0.15415	48.62	0.19334
3.592	47.652	0.1538	48.633	0.19297
3.6472	47.709	0.15383	48.69	0.19293
3.7025	47.657	0.15354	48.644	0.19273
3.7577	47.727	0.15271	48.708	0.19187
3.813	47.733	0.15282	48.722	0.19189
3.8683	47.796	0.15268	48.784	0.19169
3.9235	47.79	0.15261	48.792	0.1916
3.9788	47.831	0.15256	48.835	0.19152
4.034	47.831	0.15263	48.837	0.19158
4.0893	47.849	0.1523	48.864	0.19118
4.1446	47.843	0.15193	48.863	0.19077
4.1998	47.873	0.15186	48.891	0.1907
4.2551	47.913	0.15141	48.933	0.19019
4.3103	47.945	0.15143	48.965	0.19016
4.3656	47.938	0.15139	48.962	0.1901
4.4209	47.978	0.15122	49.004	0.1899
4.4761	47.993	0.15075	49.017	0.18943
4.5314	47.954	0.15048	48.977	0.18917
4.5866	47.973	0.15013	48.994	0.18881
4.6419	47.971	0.15023	48.998	0.18886
4.6972	48.046	0.14983	49.081	0.18833
4.7524	48.083	0.14953	49.122	0.18799
4.8077	48.051	0.14975	49.089	0.18823
4.863	48.092	0.1497	49.139	0.18809
4.9182	48.134	0.149	49.193	0.18732
4.9735	48.16	0.14915	49.225	0.18743
5.0287	48.211	0.14897	49.282	0.18715
5.084	48.209	0.14889	49.282	0.18704
5.1393	48.264	0.14871	49.351	0.18676
5.1945	48.274	0.1489	49.367	0.18693
5.2498	48.328	0.14882	49.422	0.18678
5.305	48.31	0.14926	49.414	0.18722
5.3603	48.375	0.14816	49.489	0.186
5.4156	48.395	0.14784	49.507	0.18561
5.4708	48.439	0.14777	49.559	0.18548
5.5261	48.516	0.1475	49.641	0.18512
5.5813	48.484	0.14733	49.608	0.18495
5.6366	48.541	0.14699	49.673	0.18453
5.6919	48.524	0.14669	49.661	0.18422
5.7471	48.549	0.14689	49.692	0.18438
5.8024	48.529	0.14683	49.677	0.1843
5.8576	48.554	0.14644	49.706	0.18388
5.9129	48.624	0.14608	49.785	0.18343
5.9682	48.6	0.14633	49.763	0.18367
6.0234	48.641	0.14591	49.807	0.18321
6.0787	48.672	0.14543	49.838	0.1827
6.134	48.664	0.14531	49.837	0.18255
6.1892	48.72	0.14526	49.897	0.18244
6.2445	48.718	0.14513	49.899	0.18232
6.2997	48.769	0.14492	49.954	0.18204
6.355	48.716	0.14487	49.898	0.18205
6.4103	48.778	0.14497	49.966	0.18204
6.4655	48.789	0.14478	49.978	0.18181
6.5208	48.812	0.14484	50.007	0.18181
6.576	48.809	0.14451	50.008	0.18143
6.6313	48.897	0.14399	50.101	0.18083
6.6866	48.927	0.14412	50.14	0.18086
6.7418	48.92	0.14399	50.134	0.18068
6.7971	48.989	0.14399	50.21	0.18064
6.8523	48.98	0.14438	50.202	0.18102
6.9076	49.004	0.14477	50.235	0.18138
6.9629	48.948	0.14453	50.18	0.18115
7.0181	49.009	0.14413	50.247	0.18068
7.0734	49.029	0.1435	50.269	0.18
7.1286	49.063	0.14374	50.314	0.18016
7.1839	49.094	0.14409	50.352	0.18051
7.2392	49.144	0.14402	50.411	0.18034
7.2944	49.21	0.14401	50.487	0.18024
7.3497	49.236	0.14395	50.519	0.18013
7.405	49.283	0.14393	50.573	0.18003
7.4602	49.316	0.14338	50.607	0.17945
7.5155	49.31	0.14356	50.604	0.17962
7.5707	49.339	0.14357	50.639	0.17958
7.626	49.386	0.1434	50.696	0.17933
7.6813	49.396	0.14379	50.71	0.17973
7.7365	49.432	0.1439	50.753	0.17979
7.7918	49.473	0.1436	50.799	0.17943
7.847	49.527	0.14369	50.858	0.1795
7.9023	49.548	0.14355	50.888	0.17933
7.9576	49.551	0.14408	50.895	0.17987
8.0128	49.606	0.14418	50.961	0.17989
8.0681	49.594	0.14421	50.953	0.1799
8.1233	49.568	0.14387	50.928	0.17954
8.1786	49.574	0.14371	50.94	0.17937
8.2339	49.593	0.14396	50.966	0.1796
8.2891	49.618	0.14328	50.993	0.17887
8.3444	49.702	0.14377	51.087	0.1793
8.3996	49.702	0.14409	51.087	0.1796
8.4549	49.784	0.14456	51.171	0.18005
8.5102	49.829	0.1446	51.227	0.18006
8.5654	49.827	0.14472	51.233	0.18015
8.6207	49.937	0.14526	51.359	0.18062
8.676	49.935	0.14578	51.364	0.18113
8.7312	49.975	0.14579	51.407	0.18112
8.7865	50.02	0.14606	51.459	0.18133
8.8417	50.102	0.14638	51.55	0.18158
8.897	50.078	0.1459	51.524	0.18109
8.9523	50.103	0.14625	51.553	0.18141
9.0075	50.199	0.14633	51.661	0.18146
9.0628	50.149	0.14605	51.607	0.18117
9.118	50.256	0.14609	51.72	0.18119
9.1733	50.209	0.14572	51.673	0.18084
9.2286	50.178	0.14598	51.641	0.18111
9.2838	50.241	0.14579	51.71	0.18087
9.3391	50.262	0.14589	51.738	0.18094
9.3943	50.267	0.14602	51.745	0.18103
9.4496	50.331	0.14548	51.815	0.18044
9.5049	50.351	0.14581	51.842	0.18073
9.5601	50.335	0.14523	51.825	0.18006
9.6154	50.356	0.14503	51.852	0.17981
9.6706	50.339	0.14477	51.841	0.1795
9.7259	50.303	0.14459	51.808	0.17929
9.7812	50.314	0.1446	51.822	0.17928
9.8364	50.304	0.14491	51.817	0.17958
9.8917	50.353	0.14493	51.871	0.17956
9.9469	50.359	0.1449	51.88	0.17948
10.002	50.373	0.14423	51.906	0.17873
10.057	50.4	0.14415	51.939	0.1786
10.113	50.401	0.14435	51.943	0.17879
10.168	50.435	0.14432	51.982	0.17873
10.223	50.459	0.14436	52.007	0.17878
10.279	50.467	0.14466	52.019	0.17909
10.334	50.551	0.14465	52.106	0.17903
10.389	50.508	0.14501	52.067	0.17941
10.444	50.474	0.14498	52.032	0.17936
10.5	50.43	0.14501	51.984	0.17944
10.555	50.397	0.14539	51.955	0.17983
10.61	50.481	0.145	52.047	0.17934
10.665	50.458	0.14521	52.023	0.17953
10.721	50.493	0.14569	52.065	0.17999
10.776	50.555	0.14583	52.134	0.18009
10.831	50.637	0.14561	52.223	0.17977
10.886	50.654	0.14547	52.243	0.17959
10.942	50.7	0.14552	52.295	0.17961
10.997	50.69	0.14545	52.289	0.17953
11.052	50.736	0.14552	52.34	0.1796
11.107	50.715	0.14578	52.321	0.17985
11.163	50.696	0.14632	52.311	0.18038
11.218	50.712	0.14527	52.319	0.17932
11.273	50.673	0.14613	52.276	0.18034
11.328	50.691	0.14575	52.296	0.17991
11.384	50.722	0.146	52.337	0.18017
11.439	50.693	0.14664	52.313	0.18082
11.494	50.721	0.1466	52.346	0.18075
11.55	50.75	0.14683	52.385	0.18094
11.605	50.842	0.14657	52.487	0.1806
11.66	50.906	0.14642	52.557	0.18035
11.715	50.983	0.14629	52.645	0.1801
11.771	51.016	0.14609	52.683	0.17987
11.826	51.029	0.14596	52.703	0.1797
11.881	51.017	0.14671	52.694	0.18053
11.936	51.064	0.1467	52.751	0.18049
11.992	51.073	0.14665	52.765	0.18044
12.047	51.053	0.14666	52.748	0.18041
12.102	51.139	0.1464	52.843	0.1801
12.157	51.155	0.14642	52.863	0.1801
12.213	51.219	0.1464	52.932	0.18006
12.268	51.193	0.14662	52.907	0.18026
12.323	51.212	0.14653	52.931	0.18016
12.378	51.217	0.14665	52.939	0.18027
12.434	51.169	0.14707	52.887	0.18073
12.489	51.202	0.14714	52.924	0.18079
12.544	51.165	0.14755	52.889	0.1812
12.599	51.14	0.14745	52.866	0.18113
12.655	51.18	0.14749	52.911	0.18111
12.71	51.149	0.14775	52.881	0.18141
12.765	51.098	0.148	52.828	0.18172
12.821	51.145	0.14827	52.88	0.18198
12.876	51.126	0.1489	52.864	0.18266
12.931	51.146	0.14899	52.89	0.18273
12.986	51.165	0.14899	52.912	0.18263
13.042	51.189	0.14889	52.945	0.18247
13.097	51.191	0.14886	52.948	0.18243
13.152	51.2	0.14901	52.959	0.18259
13.207	51.212	0.14909	52.974	0.18265
13.263	51.278	0.14946	53.04	0.18301
13.318	51.25	0.1498	53.016	0.18334
13.373	51.319	0.14974	53.089	0.18328
13.428	51.283	0.14998	53.047	0.18358
13.484	51.281	0.14992	53.044	0.1835
13.539	51.271	0.14957	53.035	0.18316
13.594	51.302	0.15056	53.075	0.18415
13.649	51.37	0.15077	53.147	0.18434
13.705	51.381	0.15084	53.162	0.18441
13.76	51.432	0.15096	53.216	0.18451
13.815	51.426	0.15145	53.209	0.18504
13.87	51.464	0.15171	53.253	0.18532
13.926	51.493	0.15184	53.285	0.18541
13.981	51.57	0.15162	53.366	0.18515
14.036	51.625	0.15147	53.422	0.18494
14.092	51.542	0.15175	53.329	0.18532
14.147	51.557	0.1521	53.356	0.18564
14.202	51.557	0.15233	53.357	0.18589
14.257	51.549	0.15246	53.35	0.18605
14.313	51.527	0.15305	53.326	0.18668
14.368	51.533	0.15285	53.329	0.18645
14.423	51.52	0.15304	53.312	0.18666
14.478	51.445	0.15377	53.236	0.18745
14.534	51.49	0.15362	53.285	0.18726
14.589	51.513	0.15376	53.315	0.18741
14.644	51.556	0.15381	53.361	0.18745
14.699	51.537	0.15445	53.34	0.18812
14.755	51.498	0.1549	53.302	0.18864
14.81	51.576	0.15488	53.39	0.18856
14.865	51.598	0.15496	53.418	0.1886
14.92	51.585	0.15502	53.401	0.18872
14.976	51.618	0.15481	53.435	0.18849
15.031	51.577	0.15538	53.39	0.18913
15.086	51.532	0.15557	53.341	0.18933
15.141	51.594	0.15539	53.408	0.18911
15.197	51.53	0.1554	53.34	0.18916
15.252	51.558	0.15545	53.368	0.18921
15.307	51.527	0.15577	53.338	0.18958
15.363	51.554	0.15573	53.367	0.18952
15.418	51.543	0.15592	53.356	0.18971
15.473	51.535	0.15589	53.352	0.18967
15.528	51.574	0.1559	53.394	0.18966
15.584	51.614	0.15537	53.436	0.18911
15.639	51.581	0.15602	53.412	0.18978
15.694	51.62	0.15587	53.452	0.18961
15.749	51.619	0.15581	53.453	0.18954
15.805	51.608	0.15603	53.446	0.18977
15.86	51.684	0.15578	53.532	0.18946
15.915	51.656	0.15538	53.501	0.18907
15.97	51.664	0.15568	53.514	0.18937
16.026	51.712	0.15578	53.563	0.18947
16.081	51.686	0.15588	53.535	0.18962
16.136	51.7	0.15635	53.554	0.19011
16.191	51.767	0.15596	53.626	0.18962
16.247	51.738	0.1557	53.59	0.18938
16.302	51.676	0.15587	53.526	0.18961
16.357	51.639	0.15606	53.489	0.18985
16.412	51.744	0.15557	53.599	0.18932
16.468	51.688	0.15565	53.544	0.18944
16.523	51.72	0.15588	53.579	0.18966
16.578	51.698	0.15564	53.556	0.18941
16.634	51.739	0.15536	53.596	0.18909
16.689	51.735	0.15541	53.596	0.18914
16.744	51.729	0.15517	53.588	0.18888
16.799	51.71	0.15483	53.563	0.18855
16.855	51.638	0.15493	53.484	0.1887
16.91	51.668	0.15479	53.517	0.18852
16.965	51.62	0.15468	53.46	0.18842
17.02	51.628	0.15453	53.467	0.18825
17.076	51.604	0.15439	53.442	0.18811
17.131	51.615	0.15427	53.454	0.188
17.186	51.571	0.1543	53.404	0.18807
17.241	51.563	0.15414	53.391	0.18792
17.297	51.528	0.15393	53.357	0.18772
17.352	51.547	0.15424	53.38	0.18804
17.407	51.564	0.15361	53.394	0.1874
17.462	51.552	0.15386	53.382	0.18767
17.518	51.5	0.1542	53.327	0.18807
17.573	51.467	0.15401	53.291	0.18789
17.628	51.46	0.15362	53.283	0.18751
17.683	51.447	0.15347	53.266	0.18738
17.739	51.459	0.15318	53.277	0.18709
17.794	51.437	0.15356	53.254	0.18751
17.849	51.474	0.1532	53.292	0.18709
17.905	51.431	0.15351	53.242	0.18747
17.96	51.392	0.15347	53.198	0.18745
18.015	51.372	0.15324	53.175	0.18722
18.07	51.314	0.15318	53.111	0.18722
18.126	51.374	0.15283	53.172	0.18682
18.181	51.265	0.15329	53.056	0.18734
18.236	51.266	0.15305	53.055	0.18713
18.291	51.306	0.15273	53.094	0.1868
18.347	51.223	0.15306	53.007	0.1872
18.402	51.197	0.15304	52.98	0.1872
18.457	51.204	0.15286	52.987	0.18703
18.512	51.254	0.15259	53.035	0.18674
18.568	51.133	0.15269	52.905	0.18692
18.623	51.173	0.15218	52.947	0.18638
18.678	51.216	0.15217	52.99	0.18638
18.733	51.157	0.15234	52.928	0.18658
18.789	51.143	0.15207	52.908	0.18632
18.844	51.15	0.15213	52.912	0.18638
18.899	51.076	0.15243	52.836	0.18675
18.954	51.12	0.15209	52.88	0.18635
19.01	51.105	0.15208	52.862	0.18635
19.065	51.062	0.15229	52.82	0.18654
19.12	51.023	0.15225	52.782	0.1865
19.176	51.041	0.15204	52.797	0.18632
19.231	51.032	0.15214	52.78	0.18652
19.286	51.043	0.15228	52.789	0.1867
19.341	50.988	0.15221	52.729	0.18665
19.397	51.044	0.15237	52.786	0.18678
19.452	51.022	0.15211	52.759	0.18645
19.507	50.953	0.15173	52.68	0.18612
19.562	50.955	0.15165	52.679	0.18605
19.618	50.967	0.1515	52.692	0.18589
19.673	50.977	0.15119	52.703	0.18557
19.728	50.977	0.15108	52.701	0.18546
19.783	50.999	0.15091	52.719	0.1853
19.839	50.966	0.15063	52.685	0.18507
19.894	50.95	0.15057	52.664	0.185
19.949	50.978	0.15059	52.691	0.18506
20.004	50.893	0.15031	52.596	0.18482
20.06	50.865	0.15038	52.563	0.18496
20.115	50.841	0.15059	52.537	0.18521
20.17	50.767	0.15116	52.455	0.18587
20.225	50.774	0.15136	52.46	0.1861
20.281	50.741	0.15148	52.424	0.18623
20.336	50.783	0.1513	52.466	0.18601
20.391	50.745	0.15094	52.415	0.18564
20.447	50.738	0.15074	52.405	0.18543
20.502	50.755	0.15056	52.418	0.18526
20.557	50.624	0.15075	52.278	0.1855
20.612	50.689	0.15074	52.351	0.1854
20.668	50.67	0.15095	52.33	0.18564
20.723	50.693	0.15074	52.355	0.18537
20.778	50.694	0.15065	52.355	0.18529
20.833	50.724	0.15085	52.386	0.18546
20.889	50.591	0.15099	52.242	0.18569
20.944	50.759	0.15013	52.421	0.18468
20.999	50.76	0.15033	52.418	0.1849
21.054	50.684	0.15028	52.33	0.18494
21.11	50.661	0.14982	52.301	0.18446
21.165	50.669	0.14963	52.307	0.18426
21.22	50.673	0.14955	52.306	0.18419
21.275	50.569	0.14941	52.195	0.18406
21.331	50.603	0.14887	52.228	0.18352
21.386	50.639	0.14892	52.261	0.18354
21.441	50.471	0.14894	52.079	0.18365
21.496	50.461	0.14858	52.063	0.18332
21.552	50.369	0.14886	51.959	0.1837
21.607	50.307	0.14891	51.888	0.18379
21.662	50.282	0.14896	51.858	0.18389
21.718	50.254	0.14871	51.825	0.18365
21.773	50.239	0.14891	51.804	0.18388
21.828	50.247	0.1487	51.814	0.18364
21.883	50.255	0.14851	51.819	0.18345
21.939	50.209	0.14862	51.769	0.18362
