Time	Fascicle Length R1_F1	Pennation Angle R1_F1	Fascicle Length R1_F2	Pennation Angle R1_F2	
0.055261	57.135	0.32468	56.799	0.3247
0.11052	57.145	0.32448	56.81	0.3245
0.16578	57.194	0.32377	56.858	0.32378
0.22104	57.302	0.32317	56.966	0.32318
0.2763	57.335	0.32294	56.999	0.32295
0.33156	57.402	0.32283	57.065	0.32285
0.38683	57.44	0.3229	57.104	0.32292
0.44209	57.488	0.32218	57.15	0.3222
0.49735	57.539	0.32206	57.202	0.32208
0.55261	57.623	0.3214	57.285	0.32142
0.60787	57.705	0.32114	57.367	0.32115
0.66313	57.72	0.32101	57.381	0.32103
0.71839	57.767	0.32053	57.428	0.32055
0.77365	57.826	0.32006	57.487	0.32008
0.82891	57.893	0.31991	57.554	0.31993
0.88417	57.961	0.32003	57.622	0.32004
0.93943	57.986	0.31962	57.646	0.31964
0.99469	58.051	0.31965	57.711	0.31967
1.05	58.071	0.32006	57.73	0.32008
1.1052	58.094	0.31981	57.753	0.31982
1.1605	58.153	0.31909	57.812	0.3191
1.2157	58.194	0.31915	57.853	0.31916
1.271	58.23	0.31884	57.888	0.31885
1.3263	58.292	0.31825	57.951	0.31827
1.3815	58.37	0.31795	58.028	0.31796
1.4368	58.428	0.31734	58.085	0.31736
1.492	58.451	0.31704	58.108	0.31705
1.5473	58.505	0.31695	58.162	0.31697
1.6026	58.55	0.31667	58.207	0.31669
1.6578	58.604	0.31628	58.26	0.3163
1.7131	58.666	0.31612	58.322	0.31614
1.7683	58.733	0.31585	58.388	0.31586
1.8236	58.818	0.31522	58.473	0.31524
1.8789	58.866	0.31511	58.521	0.31512
1.9341	58.917	0.31469	58.571	0.31471
1.9894	58.926	0.31478	58.581	0.3148
2.0447	59.016	0.31433	58.67	0.31434
2.0999	59.054	0.31364	58.708	0.31365
2.1552	59.104	0.31349	58.757	0.31351
2.2104	59.148	0.31352	58.801	0.31354
2.2657	59.251	0.31301	58.904	0.31303
2.321	59.304	0.31284	58.956	0.31286
2.3762	59.325	0.31249	58.977	0.3125
2.4315	59.366	0.31213	59.017	0.31215
2.4867	59.463	0.31168	59.114	0.31169
2.542	59.494	0.31192	59.145	0.31194
2.5973	59.543	0.31172	59.194	0.31173
2.6525	59.585	0.31119	59.236	0.3112
2.7078	59.649	0.31132	59.299	0.31134
2.763	59.7	0.31054	59.35	0.31056
2.8183	59.715	0.31053	59.365	0.31055
2.8736	59.775	0.31055	59.424	0.31056
2.9288	59.851	0.31023	59.5	0.31025
2.9841	59.867	0.30994	59.516	0.30995
3.0393	59.924	0.30961	59.573	0.30963
3.0946	59.974	0.3093	59.622	0.30931
3.1499	60.043	0.30886	59.691	0.30887
3.2051	60.074	0.30871	59.722	0.30873
3.2604	60.116	0.30813	59.763	0.30815
3.3156	60.18	0.30806	59.828	0.30808
3.3709	60.232	0.30747	59.879	0.30748
3.4262	60.269	0.30728	59.915	0.30729
3.4814	60.344	0.30686	59.99	0.30688
3.5367	60.393	0.30696	60.039	0.30698
3.592	60.458	0.30657	60.103	0.30658
3.6472	60.449	0.30682	60.094	0.30684
3.7025	60.442	0.30665	60.087	0.30667
3.7577	60.529	0.30639	60.174	0.30641
3.813	60.6	0.30589	60.245	0.3059
3.8683	60.632	0.30559	60.277	0.30561
3.9235	60.659	0.30551	60.304	0.30553
3.9788	60.725	0.30514	60.369	0.30515
4.034	60.776	0.30466	60.42	0.30468
4.0893	60.818	0.30409	60.461	0.30411
4.1446	60.867	0.30382	60.51	0.30384
4.1998	60.915	0.30343	60.558	0.30344
4.2551	60.883	0.3036	60.526	0.30361
4.3103	60.865	0.30343	60.509	0.30345
4.3656	60.887	0.3032	60.53	0.30322
4.4209	60.909	0.30324	60.552	0.30326
4.4761	60.929	0.30321	60.572	0.30322
4.5314	60.933	0.30299	60.575	0.303
4.5866	60.924	0.30285	60.567	0.30286
4.6419	60.958	0.30288	60.601	0.3029
4.6972	60.94	0.30274	60.583	0.30275
4.7524	60.973	0.30243	60.615	0.30244
4.8077	60.975	0.30234	60.617	0.30236
4.863	60.98	0.30231	60.623	0.30232
4.9182	61.001	0.30204	60.644	0.30205
4.9735	61.026	0.30201	60.668	0.30203
5.0287	61.017	0.30173	60.66	0.30174
5.084	61.024	0.30164	60.666	0.30166
5.1393	61.062	0.30124	60.704	0.30126
5.1945	61.056	0.30134	60.698	0.30135
5.2498	61.031	0.30152	60.674	0.30154
5.305	61.029	0.30136	60.671	0.30138
5.3603	60.992	0.30159	60.634	0.3016
5.4156	60.925	0.30219	60.568	0.3022
5.4708	60.926	0.30195	60.568	0.30196
5.5261	60.926	0.30122	60.568	0.30123
5.5813	60.941	0.30139	60.584	0.30141
5.6366	60.883	0.30124	60.526	0.30126
5.6919	60.822	0.30121	60.466	0.30123
5.7471	60.738	0.30202	60.382	0.30203
5.8024	60.644	0.30234	60.288	0.30236
5.8576	60.575	0.30274	60.219	0.30275
5.9129	60.571	0.30256	60.216	0.30257
5.9682	60.521	0.30297	60.166	0.30299
6.0234	60.499	0.3027	60.145	0.30271
6.0787	60.463	0.30302	60.108	0.30304
6.134	60.419	0.30335	60.064	0.30336
6.1892	60.36	0.30352	60.006	0.30354
6.2445	60.312	0.30405	59.959	0.30407
6.2997	60.303	0.30406	59.949	0.30408
6.355	60.236	0.3043	59.883	0.30432
6.4103	60.208	0.30455	59.855	0.30456
6.4655	60.197	0.30473	59.844	0.30474
6.5208	60.186	0.30497	59.833	0.30498
6.576	60.107	0.30533	59.755	0.30534
6.6313	60.109	0.30551	59.756	0.30552
6.6866	60.036	0.30588	59.684	0.3059
6.7418	59.99	0.30612	59.639	0.30614
6.7971	59.909	0.30671	59.558	0.30673
6.8523	59.875	0.30661	59.524	0.30663
6.9076	59.85	0.30676	59.499	0.30677
6.9629	59.787	0.30705	59.436	0.30707
7.0181	59.759	0.30717	59.409	0.30719
7.0734	59.72	0.30803	59.37	0.30805
7.1286	59.619	0.30844	59.269	0.30845
7.1839	59.539	0.30894	59.19	0.30895
7.2392	59.526	0.30906	59.177	0.30907
7.2944	59.499	0.30889	59.15	0.30891
7.3497	59.448	0.3091	59.1	0.30911
7.405	59.393	0.30911	59.045	0.30913
7.4602	59.337	0.30956	58.989	0.30958
7.5155	59.268	0.3097	58.92	0.30971
7.5707	59.213	0.30985	58.866	0.30986
7.626	59.191	0.31058	58.844	0.31059
7.6813	59.159	0.31079	58.812	0.31081
7.7365	59.134	0.31088	58.787	0.3109
7.7918	59.036	0.31166	58.689	0.31167
7.847	59.011	0.31187	58.665	0.31189
7.9023	58.996	0.31198	58.65	0.312
7.9576	58.885	0.31241	58.54	0.31242
8.0128	58.843	0.31287	58.498	0.31288
8.0681	58.793	0.31339	58.448	0.31341
8.1233	58.744	0.31431	58.399	0.31433
8.1786	58.712	0.31436	58.368	0.31438
8.2339	58.653	0.3147	58.309	0.31471
8.2891	58.612	0.31511	58.268	0.31512
8.3444	58.557	0.31535	58.214	0.31537
8.3996	58.513	0.31596	58.17	0.31597
8.4549	58.506	0.31627	58.162	0.31629
8.5102	58.493	0.31651	58.15	0.31652
8.5654	58.437	0.31693	58.095	0.31695
8.6207	58.372	0.31724	58.03	0.31726
8.676	58.338	0.31711	57.996	0.31712
8.7312	58.271	0.3176	57.929	0.31761
8.7865	58.232	0.31729	57.89	0.3173
8.8417	58.187	0.31731	57.846	0.31733
8.897	58.16	0.31783	57.819	0.31785
8.9523	58.133	0.31783	57.792	0.31784
9.0075	58.101	0.31845	57.76	0.31847
9.0628	58.064	0.31899	57.723	0.31901
9.118	57.961	0.31967	57.621	0.31969
9.1733	57.949	0.31988	57.609	0.3199
9.2286	57.905	0.31982	57.565	0.31983
9.2838	57.841	0.31997	57.502	0.31998
9.3391	57.804	0.32046	57.465	0.32048
9.3943	57.77	0.32086	57.431	0.32087
9.4496	57.734	0.32106	57.396	0.32108
9.5049	57.722	0.32103	57.384	0.32105
9.5601	57.642	0.32166	57.304	0.32168
9.6154	57.574	0.32192	57.236	0.32194
9.6706	57.521	0.32266	57.184	0.32267
9.7259	57.467	0.32355	57.13	0.32357
9.7812	57.418	0.32359	57.081	0.32361
9.8364	57.365	0.32343	57.028	0.32345
9.8917	57.296	0.32407	56.96	0.32409
9.9469	57.255	0.32405	56.919	0.32407
10.002	57.144	0.32455	56.809	0.32457
10.057	57.115	0.32508	56.78	0.3251
10.113	57.075	0.32555	56.74	0.32557
10.168	56.991	0.32596	56.657	0.32598
10.223	56.937	0.32638	56.603	0.3264
10.279	56.902	0.32666	56.568	0.32668
10.334	56.883	0.32681	56.549	0.32683
10.389	56.822	0.32683	56.488	0.32685
10.444	56.796	0.32697	56.463	0.32699
10.5	56.756	0.3276	56.423	0.32762
10.555	56.691	0.32856	56.358	0.32858
10.61	56.664	0.32819	56.332	0.3282
10.665	56.622	0.32824	56.29	0.32826
10.721	56.537	0.32889	56.206	0.32891
10.776	56.496	0.32925	56.165	0.32927
10.831	56.443	0.32943	56.112	0.32944
10.886	56.425	0.32988	56.094	0.32989
10.942	56.367	0.33073	56.037	0.33075
10.997	56.332	0.33124	56.002	0.33126
11.052	56.256	0.332	55.926	0.33201
11.107	56.194	0.33282	55.864	0.33284
11.163	56.19	0.3331	55.86	0.33312
11.218	56.114	0.33359	55.785	0.33361
11.273	56.047	0.33396	55.718	0.33398
11.328	55.959	0.33425	55.631	0.33427
11.384	55.931	0.33495	55.603	0.33497
11.439	55.892	0.33547	55.565	0.33549
11.494	55.846	0.33525	55.518	0.33527
11.55	55.809	0.33511	55.482	0.33513
11.605	55.729	0.33583	55.402	0.33585
11.66	55.693	0.33649	55.366	0.33651
11.715	55.677	0.3367	55.351	0.33672
11.771	55.654	0.33729	55.328	0.33731
11.826	55.579	0.33813	55.253	0.33815
11.881	55.514	0.33825	55.188	0.33827
11.936	55.489	0.33862	55.164	0.33864
11.992	55.446	0.33954	55.121	0.33956
12.047	55.391	0.34004	55.066	0.34006
12.102	55.32	0.3408	54.996	0.34082
12.157	55.284	0.34087	54.96	0.34089
12.213	55.21	0.34127	54.886	0.34129
12.268	55.186	0.34153	54.862	0.34155
12.323	55.113	0.34202	54.79	0.34204
12.378	55.04	0.34269	54.717	0.34271
12.434	55	0.34339	54.677	0.34341
12.489	54.943	0.34351	54.62	0.34353
12.544	54.833	0.34379	54.512	0.34381
12.599	54.816	0.3439	54.494	0.34392
12.655	54.762	0.34474	54.441	0.34476
12.71	54.703	0.34531	54.382	0.34533
12.765	54.649	0.34539	54.328	0.34541
12.821	54.608	0.34603	54.288	0.34604
12.876	54.551	0.34687	54.231	0.34689
12.931	54.567	0.34664	54.247	0.34666
12.986	54.563	0.34662	54.242	0.34664
13.042	54.562	0.34658	54.242	0.3466
13.097	54.573	0.34651	54.253	0.34653
13.152	54.557	0.3464	54.237	0.34642
13.207	54.521	0.34679	54.202	0.34681
13.263	54.548	0.34696	54.228	0.34698
13.318	54.551	0.34692	54.231	0.34694
13.373	54.541	0.34697	54.221	0.34699
13.428	54.552	0.34668	54.232	0.3467
13.484	54.548	0.34675	54.228	0.34677
13.539	54.569	0.34675	54.249	0.34677
13.594	54.556	0.34701	54.236	0.34703
