Time	Fascicle Length R1_F1	Pennation Angle R1_F1	Fascicle Length R1_F2	Pennation Angle R1_F2	Time	Fascicle Length R2_F1	Pennation Angle R2_F1	Fascicle Length R2_F2	Pennation Angle R2_F2	
0.053079	39.572	0.37852	42.957	0.37638	0.053079	31.858	0.54555	33.639	0.53556
0.10616	39.576	0.3764	42.962	0.37428	0.10616	31.839	0.54685	33.618	0.53682
0.15924	39.577	0.37829	42.962	0.37616	0.15924	31.852	0.54615	33.632	0.53614
0.21231	39.663	0.37713	43.055	0.375	0.21231	31.859	0.54577	33.639	0.53576
0.26539	39.614	0.37833	43.002	0.3762	0.26539	31.869	0.54726	33.648	0.53726
0.31847	39.665	0.37812	43.057	0.376	0.31847	31.859	0.5463	33.638	0.5363
0.37155	39.665	0.379	43.057	0.37687	0.37155	31.845	0.54565	33.623	0.53567
0.42463	39.67	0.37874	43.062	0.37662	0.42463	31.861	0.54641	33.639	0.53642
0.47771	39.706	0.37806	43.101	0.37594	0.47771	31.902	0.54591	33.683	0.53592
0.53079	39.727	0.37891	43.123	0.37679	0.53079	31.895	0.54507	33.675	0.53509
0.58386	39.735	0.37917	43.132	0.37705	0.58386	31.905	0.54565	33.685	0.53569
0.63694	39.747	0.37949	43.144	0.37737	0.63694	31.907	0.54561	33.686	0.53565
0.69002	39.75	0.37922	43.148	0.37711	0.69002	31.901	0.54618	33.679	0.53623
0.7431	39.754	0.37928	43.152	0.37717	0.7431	31.897	0.54779	33.675	0.53784
0.79618	39.767	0.37966	43.166	0.37754	0.79618	31.89	0.54876	33.667	0.53882
0.84926	39.804	0.38	43.205	0.37789	0.84926	31.885	0.54771	33.661	0.53778
0.90234	39.804	0.38008	43.204	0.37797	0.90234	31.925	0.54777	33.702	0.53789
0.95541	39.815	0.38067	43.216	0.37855	0.95541	31.912	0.5489	33.688	0.539
1.0085	39.835	0.38072	43.238	0.37861	1.0085	31.94	0.54957	33.717	0.53968
1.0616	39.847	0.38044	43.25	0.37833	1.0616	31.954	0.5499	33.731	0.54001
1.1146	39.896	0.38091	43.304	0.3788	1.1146	31.963	0.54812	33.739	0.53827
1.1677	39.927	0.38198	43.337	0.37987	1.1677	31.943	0.54789	33.718	0.53803
1.2208	39.929	0.38251	43.339	0.38039	1.2208	31.941	0.54882	33.716	0.53896
1.2739	39.954	0.38236	43.366	0.38025	1.2739	31.944	0.54781	33.719	0.53795
1.327	39.967	0.38223	43.379	0.38012	1.327	31.962	0.5482	33.737	0.53835
1.38	40.028	0.38125	43.445	0.37915	1.38	31.952	0.54842	33.727	0.53859
1.4331	40.073	0.38127	43.494	0.37918	1.4331	31.987	0.54765	33.763	0.53783
1.4862	40.081	0.38071	43.503	0.37862	1.4862	31.984	0.54884	33.759	0.53902
1.5393	40.097	0.38042	43.519	0.37834	1.5393	31.977	0.54774	33.751	0.53793
1.5924	40.134	0.37906	43.561	0.37698	1.5924	31.981	0.54862	33.755	0.53881
1.6454	40.159	0.37888	43.587	0.3768	1.6454	31.998	0.54836	33.772	0.53857
1.6985	40.21	0.37898	43.641	0.37691	1.6985	31.998	0.54763	33.772	0.53786
1.7516	40.243	0.37896	43.677	0.37689	1.7516	31.994	0.54698	33.768	0.53721
1.8047	40.275	0.37946	43.712	0.37739	1.8047	32.021	0.5458	33.796	0.53606
1.8577	40.303	0.37885	43.742	0.37679	1.8577	32.041	0.54636	33.816	0.53663
1.9108	40.384	0.37918	43.829	0.37712	1.9108	32.023	0.54566	33.797	0.53593
1.9639	40.47	0.37718	43.923	0.37514	1.9639	32.073	0.5461	33.849	0.53638
2.017	40.494	0.37761	43.948	0.37556	2.017	32.111	0.54665	33.888	0.53694
2.0701	40.505	0.37722	43.96	0.37518	2.0701	32.116	0.54637	33.892	0.53667
2.1231	40.577	0.37741	44.038	0.37537	2.1231	32.152	0.54596	33.931	0.53628
2.1762	40.633	0.37628	44.099	0.37426	2.1762	32.135	0.54631	33.912	0.53661
2.2293	40.683	0.37522	44.153	0.3732	2.2293	32.189	0.54736	33.968	0.5377
2.2824	40.7	0.37729	44.171	0.37526	2.2824	32.214	0.54555	33.995	0.53589
2.3355	40.713	0.37806	44.184	0.37604	2.3355	32.174	0.54264	33.952	0.533
2.3885	40.786	0.37739	44.264	0.37537	2.3885	32.246	0.5417	34.028	0.53212
2.4416	40.878	0.37616	44.363	0.37416	2.4416	32.286	0.54064	34.068	0.53105
2.4947	40.882	0.37475	44.367	0.37275	2.4947	32.326	0.54284	34.108	0.53327
2.5478	40.909	0.37345	44.396	0.37146	2.5478	32.34	0.54487	34.123	0.53528
2.6008	40.96	0.3738	44.452	0.3718	2.6008	32.364	0.54305	34.148	0.53349
2.6539	40.962	0.37544	44.453	0.37344	2.6539	32.313	0.54276	34.095	0.53318
2.707	41.028	0.37464	44.525	0.37264	2.707	32.363	0.54436	34.145	0.53479
2.7601	41.086	0.37576	44.587	0.37378	2.7601	32.299	0.54386	34.078	0.53429
2.8132	41.227	0.37441	44.739	0.37244	2.8132	32.244	0.5444	34.02	0.53481
2.8662	41.274	0.37413	44.79	0.37216	2.8662	32.385	0.54218	34.169	0.53264
2.9193	41.268	0.37345	44.783	0.37148	2.9193	32.387	0.54385	34.17	0.53428
2.9724	41.333	0.37192	44.854	0.36996	2.9724	32.361	0.54574	34.142	0.53617
3.0255	41.41	0.37227	44.937	0.37032	3.0255	32.353	0.54322	34.134	0.53367
3.0786	41.409	0.37171	44.936	0.36976	3.0786	32.37	0.54237	34.152	0.53283
3.1316	41.429	0.37188	44.958	0.36993	3.1316	32.38	0.54148	34.162	0.53197
3.1847	41.499	0.36991	45.033	0.36796	3.1847	32.365	0.54349	34.145	0.53396
3.2378	41.528	0.37011	45.064	0.36817	3.2378	32.344	0.54313	34.123	0.53362
3.2909	41.587	0.36898	45.128	0.36704	3.2909	32.348	0.54296	34.126	0.53344
3.3439	41.626	0.36869	45.171	0.36675	3.3439	32.361	0.54304	34.14	0.53352
3.397	41.639	0.36801	45.184	0.36608	3.397	32.366	0.54398	34.145	0.53446
3.4501	41.697	0.36803	45.248	0.3661	3.4501	32.422	0.54234	34.203	0.53285
3.5032	41.735	0.36902	45.288	0.36709	3.5032	32.401	0.54185	34.181	0.53236
3.5563	41.774	0.36836	45.33	0.36644	3.5563	32.39	0.54151	34.17	0.53201
3.6093	41.829	0.36766	45.389	0.36574	3.6093	32.374	0.5425	34.151	0.533
3.6624	41.861	0.36632	45.424	0.36441	3.6624	32.352	0.54371	34.128	0.5342
3.7155	41.915	0.36569	45.482	0.36378	3.7155	32.37	0.54292	34.147	0.53342
3.7686	41.903	0.36552	45.47	0.36361	3.7686	32.384	0.54378	34.161	0.53428
3.8217	41.937	0.36566	45.507	0.36375	3.8217	32.434	0.54308	34.213	0.53359
3.8747	41.971	0.36396	45.543	0.36206	3.8747	32.456	0.54368	34.235	0.53419
3.9278	42.045	0.36467	45.623	0.36278	3.9278	32.403	0.543	34.18	0.53351
3.9809	42.063	0.3626	45.642	0.36071	3.9809	32.4	0.54531	34.176	0.5358
4.034	42.141	0.36269	45.727	0.36081	4.034	32.412	0.54354	34.189	0.53403
4.087	42.147	0.36206	45.733	0.36018	4.087	32.429	0.54346	34.207	0.53396
4.1401	42.119	0.36211	45.703	0.36022	4.1401	32.448	0.54367	34.226	0.5342
4.1932	42.198	0.36244	45.789	0.36057	4.1932	32.409	0.54278	34.184	0.53328
4.2463	42.178	0.36121	45.766	0.35933	4.2463	32.409	0.54285	34.185	0.53336
4.2994	42.145	0.362	45.73	0.36012	4.2994	32.384	0.54165	34.159	0.53217
4.3524	42.175	0.36206	45.763	0.36019	4.3524	32.376	0.54115	34.15	0.53167
4.4055	42.164	0.36234	45.751	0.36046	4.4055	32.348	0.54084	34.122	0.53136
4.4586	42.229	0.36159	45.821	0.35972	4.4586	32.337	0.54038	34.11	0.53091
4.5117	42.207	0.36257	45.796	0.3607	4.5117	32.316	0.54113	34.087	0.53166
4.5648	42.274	0.36189	45.869	0.36002	4.5648	32.314	0.54149	34.084	0.53201
4.6178	42.331	0.36161	45.931	0.35974	4.6178	32.29	0.54134	34.059	0.53186
4.6709	42.326	0.3629	45.925	0.36104	4.6709	32.284	0.53972	34.053	0.53025
4.724	42.396	0.36084	46.001	0.35898	4.724	32.321	0.54026	34.091	0.53081
4.7771	42.453	0.36098	46.063	0.35913	4.7771	32.342	0.53923	34.112	0.52979
4.8301	42.483	0.36007	46.095	0.35822	4.8301	32.359	0.53924	34.13	0.52981
4.8832	42.527	0.35987	46.142	0.35802	4.8832	32.34	0.53912	34.111	0.52969
4.9363	42.588	0.3596	46.208	0.35776	4.9363	32.352	0.53896	34.122	0.52952
4.9894	42.61	0.35927	46.232	0.35743	4.9894	32.364	0.53983	34.135	0.5304
5.0425	42.625	0.35925	46.248	0.35741	5.0425	32.358	0.5401	34.127	0.53067
5.0955	42.669	0.3592	46.296	0.35737	5.0955	32.316	0.54004	34.084	0.5306
5.1486	42.662	0.3588	46.288	0.35696	5.1486	32.319	0.54069	34.087	0.53126
5.2017	42.749	0.35925	46.382	0.35742	5.2017	32.302	0.53912	34.069	0.52969
5.2548	42.754	0.35847	46.387	0.35664	5.2548	32.279	0.54155	34.044	0.5321
5.3079	42.814	0.35734	46.453	0.35552	5.3079	32.301	0.54205	34.066	0.53258
5.3609	42.833	0.35723	46.473	0.35541	5.3609	32.278	0.54251	34.042	0.53305
5.414	42.893	0.35693	46.538	0.35512	5.414	32.302	0.54216	34.067	0.5327
5.4671	42.936	0.35648	46.584	0.35466	5.4671	32.328	0.54203	34.094	0.53259
5.5202	42.945	0.35695	46.593	0.35513	5.5202	32.31	0.54202	34.074	0.53258
5.5732	43.045	0.35623	46.702	0.35443	5.5732	32.333	0.5416	34.099	0.53216
5.6263	43.055	0.35583	46.713	0.35402	5.6263	32.333	0.54222	34.098	0.53278
5.6794	43.071	0.35723	46.729	0.35543	5.6794	32.302	0.54132	34.066	0.53188
5.7325	43.086	0.35742	46.745	0.35561	5.7325	32.3	0.54165	34.063	0.53222
5.7856	43.113	0.35817	46.774	0.35636	5.7856	32.296	0.54175	34.059	0.53232
5.8386	43.142	0.35858	46.806	0.35677	5.8386	32.267	0.54063	34.029	0.53121
5.8917	43.156	0.35876	46.821	0.35695	5.8917	32.256	0.54159	34.017	0.53217
5.9448	43.177	0.35904	46.843	0.35724	5.9448	32.217	0.54217	33.975	0.53274
5.9979	43.181	0.35899	46.847	0.35718	5.9979	32.239	0.54226	33.998	0.53284
6.051	43.228	0.35905	46.898	0.35725	6.051	32.209	0.54224	33.967	0.53282
6.104	43.247	0.35852	46.919	0.35672	6.104	32.206	0.54284	33.962	0.5334
6.1571	43.261	0.35928	46.933	0.35748	6.1571	32.173	0.54334	33.928	0.5339
6.2102	43.296	0.35775	46.971	0.35595	6.2102	32.133	0.54486	33.886	0.53537
6.2633	43.336	0.35659	47.014	0.3548	6.2633	32.127	0.54652	33.879	0.537
6.3163	43.338	0.3568	47.016	0.35501	6.3163	32.131	0.54679	33.883	0.53728
6.3694	43.377	0.35706	47.059	0.35527	6.3694	32.134	0.547	33.886	0.53749
6.4225	43.412	0.3572	47.097	0.35541	6.4225	32.137	0.54634	33.889	0.53684
6.4756	43.452	0.35685	47.14	0.35506	6.4756	32.127	0.54578	33.878	0.53628
6.5287	43.474	0.35654	47.163	0.35476	6.5287	32.11	0.54629	33.86	0.53677
6.5817	43.499	0.35621	47.19	0.35443	6.5817	32.102	0.54676	33.851	0.53723
6.6348	43.523	0.35608	47.216	0.3543	6.6348	32.096	0.54811	33.845	0.53858
6.6879	43.539	0.3561	47.234	0.35433	6.6879	32.074	0.54823	33.822	0.5387
6.741	43.574	0.35733	47.271	0.35556	6.741	32.084	0.54861	33.832	0.53908
6.7941	43.605	0.35713	47.304	0.35535	6.7941	32.069	0.54892	33.816	0.53938
6.8471	43.661	0.35742	47.365	0.35565	6.8471	32.075	0.54885	33.822	0.53932
6.9002	43.657	0.35704	47.361	0.35527	6.9002	32.077	0.54999	33.824	0.54046
6.9533	43.672	0.35768	47.377	0.3559	6.9533	32.095	0.54987	33.843	0.54035
7.0064	43.66	0.35712	47.364	0.35534	7.0064	32.089	0.54955	33.837	0.54004
7.0594	43.558	0.35745	47.254	0.35567	7.0594	32.152	0.55122	33.903	0.54171
7.1125	43.479	0.35652	47.168	0.35472	7.1125	32.258	0.55449	34.013	0.54502
7.1656	43.485	0.35722	47.174	0.35542	7.1656	32.27	0.55469	34.025	0.54522
7.2187	43.487	0.35699	47.176	0.35519	7.2187	32.265	0.55546	34.019	0.54599
7.2718	43.482	0.35672	47.171	0.35492	7.2718	32.264	0.55507	34.017	0.54558
7.3248	43.469	0.35676	47.158	0.35496	7.3248	32.324	0.55564	34.081	0.54618
7.3779	43.487	0.35794	47.177	0.35613	7.3779	32.304	0.5557	34.059	0.54622
7.431	43.484	0.35735	47.174	0.35555	7.431	32.317	0.5568	34.072	0.54732
7.4841	43.494	0.35748	47.184	0.35568	7.4841	32.306	0.55677	34.06	0.5473
7.5372	43.509	0.35799	47.201	0.35619	7.5372	32.339	0.55658	34.094	0.54712
7.5902	43.546	0.35827	47.24	0.35648	7.5902	32.296	0.55682	34.049	0.54733
7.6433	43.605	0.35795	47.303	0.35616	7.6433	32.287	0.55687	34.039	0.54739
7.6964	43.66	0.35772	47.363	0.35594	7.6964	32.274	0.55701	34.025	0.5475
7.7495	43.698	0.3581	47.403	0.35632	7.7495	32.284	0.55691	34.036	0.54742
7.8025	43.732	0.35802	47.44	0.35625	7.8025	32.261	0.55643	34.011	0.54692
7.8556	43.802	0.35776	47.516	0.35599	7.8556	32.303	0.5556	34.055	0.54612
7.9087	43.864	0.3573	47.583	0.35553	7.9087	32.292	0.55614	34.043	0.54664
7.9618	43.885	0.3571	47.606	0.35534	7.9618	32.295	0.55606	34.046	0.54658
8.0149	43.912	0.3567	47.634	0.35495	8.0149	32.324	0.55653	34.075	0.54707
8.0679	43.923	0.35592	47.647	0.35417	8.0679	32.309	0.55742	34.06	0.54793
8.121	43.961	0.35541	47.688	0.35366	8.121	32.336	0.55778	34.088	0.54831
8.1741	43.981	0.35563	47.708	0.35388	8.1741	32.307	0.55725	34.058	0.54778
8.2272	44.008	0.35494	47.738	0.3532	8.2272	32.356	0.55767	34.108	0.54821
8.2803	43.999	0.35544	47.728	0.3537	8.2803	32.344	0.55749	34.096	0.54802
8.3333	43.98	0.35511	47.708	0.35337	8.3333	32.321	0.55799	34.072	0.54851
8.3864	43.974	0.35509	47.701	0.35334	8.3864	32.337	0.55834	34.089	0.54886
8.4395	44.009	0.35476	47.739	0.35301	8.4395	32.321	0.55959	34.071	0.55009
8.4926	44.019	0.35492	47.75	0.35317	8.4926	32.285	0.55922	34.033	0.54969
8.5456	44.071	0.35457	47.806	0.35282	8.5456	32.318	0.55928	34.068	0.54975
8.5987	44.101	0.35473	47.838	0.35299	8.5987	32.323	0.55951	34.073	0.54999
8.6518	44.139	0.35514	47.88	0.35339	8.6518	32.36	0.55889	34.111	0.5494
8.7049	44.17	0.35488	47.912	0.35314	8.7049	32.342	0.559	34.093	0.5495
8.758	44.246	0.35427	47.995	0.35254	8.758	32.379	0.55856	34.131	0.54908
8.811	44.323	0.35348	48.077	0.35175	8.811	32.404	0.55776	34.156	0.54829
8.8641	44.385	0.35317	48.144	0.35145	8.8641	32.355	0.55684	34.106	0.54736
8.9172	44.447	0.35184	48.212	0.35013	8.9172	32.398	0.55663	34.15	0.54717
8.9703	44.468	0.35216	48.235	0.35046	8.9703	32.378	0.55561	34.128	0.54614
9.0234	44.482	0.35186	48.25	0.35016	9.0234	32.41	0.55562	34.162	0.54617
9.0764	44.521	0.35108	48.292	0.34938	9.0764	32.419	0.55651	34.171	0.54704
9.1295	44.531	0.35136	48.302	0.34967	9.1295	32.439	0.55632	34.191	0.54687
9.1826	44.555	0.35107	48.328	0.34938	9.1826	32.437	0.55702	34.189	0.54756
9.2357	44.591	0.35064	48.366	0.34894	9.2357	32.434	0.55742	34.186	0.54795
9.2887	44.603	0.35052	48.379	0.34882	9.2887	32.458	0.55791	34.211	0.54846
9.3418	44.609	0.3505	48.386	0.3488	9.3418	32.445	0.55829	34.197	0.54883
9.3949	44.639	0.35067	48.418	0.34898	9.3949	32.439	0.55799	34.191	0.54853
9.448	44.666	0.3502	48.447	0.34851	9.448	32.478	0.55762	34.231	0.54818
9.5011	44.703	0.35062	48.487	0.34893	9.5011	32.466	0.5569	34.218	0.54745
9.5541	44.704	0.35023	48.488	0.34855	9.5541	32.445	0.55787	34.195	0.54841
9.6072	44.725	0.34996	48.511	0.34828	9.6072	32.447	0.55825	34.198	0.54878
9.6603	44.749	0.3498	48.537	0.34812	9.6603	32.472	0.5582	34.223	0.54874
9.7134	44.788	0.35029	48.579	0.34861	9.7134	32.489	0.55832	34.242	0.54886
9.7665	44.778	0.35069	48.568	0.34901	9.7665	32.489	0.55906	34.241	0.54961
9.8195	44.828	0.35083	48.623	0.34915	9.8195	32.5	0.5589	34.253	0.54945
9.8726	44.814	0.35139	48.607	0.34971	9.8726	32.477	0.55983	34.228	0.55036
9.9257	44.84	0.35138	48.635	0.3497	9.9257	32.495	0.55971	34.246	0.55024
9.9788	44.852	0.35158	48.648	0.3499	9.9788	32.52	0.56031	34.272	0.55086
10.032	44.894	0.35223	48.693	0.35055	10.032	32.508	0.55997	34.259	0.55053
10.085	44.959	0.35325	48.764	0.35157	10.085	32.505	0.55892	34.255	0.54949
10.138	45.028	0.35353	48.838	0.35186	10.138	32.482	0.55945	34.231	0.55
10.191	45.052	0.35439	48.864	0.35272	10.191	32.449	0.55975	34.196	0.55028
10.244	45.067	0.3557	48.879	0.35402	10.244	32.445	0.56022	34.192	0.55076
10.297	45.068	0.35662	48.881	0.35494	10.297	32.465	0.55961	34.213	0.55016
10.35	45.124	0.35687	48.941	0.35519	10.35	32.481	0.55871	34.23	0.5493
10.403	45.19	0.35793	49.012	0.35626	10.403	32.468	0.55737	34.215	0.54798
10.456	45.254	0.35786	49.082	0.35618	10.456	32.491	0.55577	34.239	0.5464
10.51	45.292	0.35797	49.123	0.3563	10.51	32.472	0.55481	34.219	0.54545
10.563	45.28	0.35786	49.109	0.3562	10.563	32.483	0.55423	34.23	0.54487
10.616	45.263	0.35679	49.091	0.35513	10.616	32.5	0.55609	34.248	0.54672
10.669	45.244	0.35614	49.071	0.35447	10.669	32.538	0.55704	34.287	0.54766
10.722	45.248	0.35562	49.074	0.35395	10.722	32.569	0.55758	34.32	0.54821
10.775	45.273	0.35526	49.102	0.3536	10.775	32.581	0.55744	34.332	0.54808
10.828	45.31	0.35585	49.142	0.35419	10.828	32.564	0.55717	34.314	0.54783
10.881	45.323	0.35576	49.156	0.3541	10.881	32.563	0.55736	34.312	0.548
10.934	45.343	0.35528	49.177	0.35361	10.934	32.6	0.55745	34.351	0.54811
10.987	45.36	0.35486	49.195	0.3532	10.987	32.617	0.55752	34.368	0.54818
11.04	45.343	0.35497	49.178	0.3533	11.04	32.617	0.55824	34.368	0.5489
11.093	45.372	0.35452	49.208	0.35286	11.093	32.614	0.55876	34.364	0.5494
11.146	45.398	0.35458	49.237	0.35292	11.146	32.609	0.55874	34.359	0.54938
11.2	45.408	0.35387	49.247	0.35222	11.2	32.62	0.55872	34.37	0.54936
11.253	45.443	0.35269	49.285	0.35104	11.253	32.655	0.55924	34.406	0.54989
11.306	45.442	0.35273	49.283	0.35108	11.306	32.659	0.55995	34.41	0.55059
11.359	45.467	0.35254	49.311	0.35089	11.359	32.672	0.5591	34.424	0.54974
11.412	45.46	0.35213	49.304	0.35048	11.412	32.683	0.5598	34.435	0.55046
11.465	45.467	0.3519	49.311	0.35025	11.465	32.696	0.56038	34.449	0.55103
11.518	45.509	0.35138	49.356	0.34974	11.518	32.71	0.56036	34.463	0.551
11.571	45.538	0.3513	49.387	0.34966	11.571	32.731	0.55995	34.484	0.55059
11.624	45.55	0.3512	49.401	0.34955	11.624	32.728	0.55937	34.481	0.55001
11.677	45.54	0.35045	49.39	0.34881	11.677	32.754	0.55984	34.508	0.55049
11.73	45.592	0.35026	49.446	0.34862	11.73	32.769	0.56026	34.524	0.55092
11.783	45.634	0.35041	49.491	0.34877	11.783	32.774	0.56067	34.529	0.55133
11.837	45.683	0.35084	49.544	0.3492	11.837	32.836	0.55866	34.593	0.54936
11.89	45.73	0.35087	49.595	0.34924	11.89	32.842	0.55955	34.599	0.55024
11.943	45.769	0.35062	49.636	0.34899	11.943	32.853	0.56002	34.611	0.5507
11.996	45.792	0.35058	49.662	0.34895	11.996	32.868	0.55982	34.626	0.55052
12.049	45.777	0.34983	49.645	0.3482	12.049	32.896	0.5602	34.655	0.55089
12.102	45.803	0.34964	49.673	0.34802	12.102	32.917	0.56038	34.676	0.55109
12.155	45.791	0.34946	49.66	0.34784	12.155	32.884	0.56112	34.642	0.55182
12.208	45.818	0.34935	49.689	0.34773	12.208	32.901	0.56095	34.659	0.55167
12.261	45.84	0.34901	49.714	0.34739	12.261	32.906	0.56119	34.664	0.5519
12.314	45.875	0.34878	49.751	0.34716	12.314	32.914	0.56028	34.673	0.55099
12.367	45.896	0.34892	49.774	0.34729	12.367	32.963	0.55948	34.724	0.55023
12.42	45.887	0.34973	49.764	0.3481	12.42	32.958	0.55903	34.718	0.54979
12.473	45.907	0.34902	49.785	0.3474	12.473	32.941	0.56016	34.7	0.5509
12.527	45.931	0.34879	49.812	0.34718	12.527	32.956	0.56018	34.715	0.55091
12.58	45.928	0.34806	49.808	0.34645	12.58	32.943	0.56133	34.702	0.55205
12.633	45.956	0.34837	49.838	0.34675	12.633	32.97	0.55993	34.73	0.55066
12.686	45.985	0.34874	49.87	0.34713	12.686	32.968	0.56034	34.728	0.55107
12.739	46.005	0.34907	49.891	0.34745	12.739	32.94	0.56036	34.697	0.55108
12.792	46.022	0.34919	49.909	0.34757	12.792	32.961	0.5598	34.719	0.55054
12.845	46.067	0.3489	49.958	0.34729	12.845	32.984	0.56026	34.743	0.55101
12.898	46.091	0.34986	49.984	0.34825	12.898	33.004	0.55976	34.764	0.55054
12.951	46.095	0.35038	49.989	0.34877	12.951	32.992	0.56002	34.751	0.55079
13.004	46.129	0.35014	50.025	0.34853	13.004	33.025	0.55973	34.785	0.55051
13.057	46.143	0.35019	50.04	0.34858	13.057	33.029	0.55865	34.79	0.54945
13.11	46.109	0.35145	50.003	0.34984	13.11	33.058	0.55783	34.82	0.54866
13.163	46.09	0.35239	49.982	0.35078	13.163	33.071	0.5566	34.833	0.54746
13.217	46.09	0.3526	49.983	0.35099	13.217	33.092	0.5562	34.855	0.54706
13.27	46.113	0.35326	50.007	0.35164	13.27	33.092	0.55645	34.854	0.54731
13.323	46.098	0.3534	49.991	0.35179	13.323	33.08	0.55637	34.842	0.54723
13.376	46.114	0.35335	50.008	0.35174	13.376	33.091	0.55648	34.854	0.54734
13.429	46.153	0.35343	50.05	0.35182	13.429	33.096	0.55582	34.859	0.54668
13.482	46.125	0.35229	50.02	0.35068	13.482	33.075	0.55712	34.836	0.54797
13.535	46.154	0.3524	50.051	0.35079	13.535	33.087	0.55696	34.849	0.54781
13.588	46.174	0.35183	50.072	0.35022	13.588	33.085	0.55697	34.846	0.54782
13.641	46.196	0.35208	50.096	0.35047	13.641	33.081	0.55659	34.842	0.54745
13.694	46.21	0.35095	50.112	0.34935	13.694	33.071	0.55753	34.831	0.54837
13.747	46.233	0.35047	50.137	0.34887	13.747	33.072	0.55743	34.832	0.54825
13.8	46.231	0.3509	50.134	0.3493	13.8	33.084	0.5558	34.845	0.54664
13.854	46.248	0.35017	50.153	0.34857	13.854	33.104	0.55648	34.865	0.54732
13.907	46.231	0.35058	50.134	0.34899	13.907	33.106	0.5557	34.867	0.54655
13.96	46.24	0.35076	50.144	0.34916	13.96	33.112	0.556	34.873	0.54685
14.013	46.242	0.35047	50.146	0.34887	14.013	33.101	0.55642	34.861	0.54728
14.066	46.261	0.35025	50.166	0.34865	14.066	33.1	0.55607	34.86	0.54694
14.119	46.255	0.34953	50.16	0.34793	14.119	33.116	0.5567	34.877	0.54757
14.172	46.265	0.34875	50.171	0.34716	14.172	33.118	0.55774	34.878	0.5486
14.225	46.28	0.3483	50.187	0.3467	14.225	33.115	0.55773	34.876	0.5486
14.278	46.282	0.34885	50.19	0.34726	14.278	33.125	0.55639	34.887	0.54727
14.331	46.293	0.34864	50.201	0.34705	14.331	33.123	0.55653	34.884	0.54743
14.384	46.309	0.34801	50.219	0.34642	14.384	33.118	0.55733	34.879	0.54823
14.437	46.328	0.34853	50.239	0.34694	14.437	33.126	0.55664	34.887	0.54755
14.49	46.317	0.3483	50.227	0.34671	14.49	33.128	0.55718	34.889	0.54809
14.544	46.322	0.34883	50.233	0.34723	14.544	33.132	0.55666	34.894	0.54758
14.597	46.346	0.3489	50.258	0.34731	14.597	33.143	0.55691	34.905	0.54783
14.65	46.342	0.34896	50.254	0.34737	14.65	33.144	0.55634	34.906	0.54726
14.703	46.383	0.34927	50.298	0.34768	14.703	33.127	0.55652	34.888	0.54743
14.756	46.409	0.34892	50.327	0.34733	14.756	33.118	0.55721	34.879	0.54813
14.809	46.434	0.35008	50.353	0.34849	14.809	33.102	0.55614	34.862	0.54707
14.862	46.437	0.3501	50.357	0.34851	14.862	33.101	0.55587	34.862	0.5468
14.915	46.419	0.35131	50.336	0.34972	14.915	33.085	0.55464	34.845	0.54558
14.968	46.423	0.35169	50.341	0.3501	14.968	33.074	0.55415	34.834	0.5451
15.021	46.405	0.35177	50.322	0.35019	15.021	33.045	0.55445	34.803	0.54539
15.074	46.408	0.35186	50.324	0.35028	15.074	33.028	0.55364	34.786	0.54458
15.127	46.395	0.35205	50.311	0.35047	15.127	33.019	0.55379	34.776	0.54472
15.18	46.389	0.35178	50.304	0.35019	15.18	33.05	0.55436	34.808	0.54529
15.234	46.381	0.35161	50.295	0.35002	15.234	33.06	0.55435	34.82	0.54529
15.287	46.355	0.35173	50.268	0.35015	15.287	33.067	0.55355	34.827	0.54451
15.34	46.353	0.35174	50.266	0.35016	15.34	33.044	0.5536	34.803	0.54455
15.393	46.35	0.35177	50.262	0.35019	15.393	33.034	0.55338	34.792	0.54434
15.446	46.367	0.35088	50.28	0.3493	15.446	33.016	0.55386	34.774	0.54481
15.499	46.352	0.3514	50.264	0.34982	15.499	33.002	0.55282	34.76	0.54378
15.552	46.323	0.35216	50.232	0.35058	15.552	32.989	0.55189	34.746	0.54285
15.605	46.277	0.353	50.183	0.35142	15.605	33	0.55079	34.759	0.54179
15.658	46.277	0.35368	50.183	0.35211	15.658	33	0.54964	34.759	0.54064
15.711	46.258	0.35323	50.162	0.35165	15.711	33.021	0.54891	34.781	0.53993
15.764	46.232	0.35312	50.134	0.35155	15.764	32.993	0.54887	34.753	0.53989
15.817	46.218	0.35378	50.119	0.35221	15.817	33.009	0.54757	34.77	0.53861
15.87	46.195	0.3539	50.093	0.35232	15.87	32.978	0.54748	34.737	0.53852
15.924	46.204	0.35394	50.104	0.35236	15.924	32.93	0.54723	34.688	0.53826
15.977	46.177	0.35344	50.074	0.35187	15.977	32.934	0.54695	34.692	0.538
16.03	46.165	0.35338	50.061	0.3518	16.03	32.949	0.54601	34.707	0.53707
16.083	46.176	0.35333	50.073	0.35175	16.083	32.957	0.54568	34.716	0.53675
16.136	46.183	0.35277	50.081	0.3512	16.136	32.969	0.5444	34.729	0.53548
16.189	46.197	0.35077	50.096	0.3492	16.189	32.983	0.54501	34.743	0.5361
16.242	46.205	0.35084	50.105	0.34927	16.242	32.97	0.54437	34.731	0.53546
16.295	46.208	0.35103	50.108	0.34946	16.295	32.96	0.54455	34.72	0.53564
16.348	46.201	0.3509	50.101	0.34934	16.348	32.946	0.54434	34.706	0.53543
16.401	46.199	0.35114	50.098	0.34957	16.401	32.909	0.54358	34.668	0.53466
16.454	46.192	0.35107	50.091	0.3495	16.454	32.891	0.54487	34.648	0.53594
16.507	46.215	0.34984	50.117	0.34827	16.507	32.907	0.54538	34.665	0.53644
16.561	46.209	0.34907	50.11	0.34751	16.561	32.929	0.54513	34.688	0.5362
16.614	46.221	0.34817	50.123	0.34661	16.614	32.977	0.54426	34.738	0.53534
16.667	46.212	0.34743	50.114	0.34587	16.667	32.99	0.54451	34.752	0.5356
16.72	46.194	0.34739	50.094	0.34583	16.72	33.036	0.54339	34.8	0.5345
16.773	46.203	0.34622	50.104	0.34465	16.773	33.064	0.54324	34.83	0.53436
16.826	46.142	0.34757	50.038	0.346	16.826	33.008	0.54322	34.771	0.53434
16.879	46.124	0.34745	50.018	0.34588	16.879	32.976	0.54324	34.738	0.53435
16.932	46.084	0.34629	49.975	0.34472	16.932	32.991	0.543	34.754	0.53411
16.985	46.102	0.34504	49.995	0.34347	16.985	33.02	0.54326	34.784	0.53438
17.038	46.047	0.34643	49.935	0.34487	17.038	32.977	0.54227	34.739	0.53339
17.091	46.055	0.34549	49.944	0.34392	17.091	32.973	0.54305	34.736	0.53416
17.144	46.04	0.34567	49.928	0.34411	17.144	32.951	0.54277	34.713	0.53389
17.197	46.049	0.34501	49.937	0.34344	17.197	32.956	0.54276	34.718	0.53389
17.251	46.04	0.34659	49.928	0.34503	17.251	32.878	0.54237	34.637	0.53348
17.304	46.016	0.34575	49.901	0.34418	17.304	32.889	0.54272	34.649	0.53385
17.357	45.99	0.34688	49.874	0.34532	17.357	32.836	0.54141	34.594	0.53251
17.41	45.967	0.34411	49.849	0.34255	17.41	32.801	0.54267	34.558	0.53378
17.463	45.95	0.34439	49.83	0.34283	17.463	32.763	0.54216	34.519	0.53326
17.516	45.918	0.34506	49.796	0.34349	17.516	32.771	0.5416	34.527	0.53271
17.569	45.89	0.34517	49.765	0.34361	17.569	32.746	0.54189	34.502	0.53299
17.622	45.872	0.34492	49.746	0.34335	17.622	32.736	0.54153	34.491	0.53263
17.675	45.865	0.34472	49.739	0.34316	17.675	32.72	0.5411	34.475	0.5322
17.728	45.835	0.3444	49.706	0.34284	17.728	32.732	0.54129	34.488	0.5324
17.781	45.85	0.34355	49.723	0.34199	17.781	32.718	0.54012	34.474	0.53123
17.834	45.798	0.34365	49.666	0.34208	17.834	32.703	0.54091	34.458	0.53202
17.887	45.835	0.34299	49.707	0.34142	17.887	32.667	0.54068	34.421	0.53178
17.941	45.815	0.34278	49.685	0.34121	17.941	32.669	0.53953	34.423	0.53065
17.994	45.817	0.34279	49.687	0.34123	17.994	32.678	0.53898	34.433	0.5301
18.047	45.811	0.34199	49.68	0.34043	18.047	32.658	0.53891	34.412	0.53004
18.1	45.818	0.34128	49.688	0.33972	18.1	32.68	0.53604	34.436	0.52721
18.153	45.816	0.34124	49.687	0.33968	18.153	32.696	0.53628	34.453	0.52747
18.206	45.819	0.34159	49.69	0.34003	18.206	32.696	0.53447	34.454	0.52568
18.259	45.795	0.3426	49.664	0.34105	18.259	32.695	0.5325	34.453	0.52372
18.312	45.764	0.34231	49.63	0.34075	18.312	32.621	0.53216	34.376	0.52336
18.365	45.75	0.342	49.615	0.34044	18.365	32.586	0.53169	34.34	0.52289
18.418	45.731	0.34115	49.594	0.3396	18.418	32.571	0.53154	34.324	0.52274
18.471	45.704	0.34291	49.565	0.34136	18.471	32.601	0.53051	34.357	0.52171
18.524	45.651	0.34191	49.508	0.34035	18.524	32.575	0.53057	34.329	0.52178
18.577	45.654	0.34242	49.511	0.34087	18.577	32.602	0.52972	34.358	0.52095
18.631	45.659	0.34311	49.517	0.34155	18.631	32.636	0.5278	34.394	0.51907
18.684	45.672	0.34452	49.531	0.34296	18.684	32.666	0.52689	34.425	0.51818
18.737	45.692	0.34535	49.552	0.34379	18.737	32.657	0.52579	34.416	0.51709
18.79	45.672	0.34627	49.532	0.34471	18.79	32.657	0.52587	34.416	0.51717
18.843	45.647	0.34721	49.504	0.34565	18.843	32.682	0.52481	34.442	0.51613
18.896	45.614	0.34673	49.469	0.34517	18.896	32.667	0.52472	34.427	0.51604
18.949	45.589	0.34684	49.442	0.34528	18.949	32.644	0.52505	34.403	0.51636
19.002	45.545	0.34593	49.394	0.34437	19.002	32.645	0.52529	34.404	0.51659
19.055	45.483	0.34618	49.327	0.34461	19.055	32.639	0.52474	34.398	0.51605
19.108	45.433	0.34522	49.273	0.34366	19.108	32.603	0.52507	34.361	0.51635
19.161	45.374	0.34457	49.209	0.343	19.161	32.585	0.52665	34.343	0.51792
19.214	45.333	0.34407	49.165	0.3425	19.214	32.573	0.52729	34.33	0.51853
19.268	45.29	0.34539	49.119	0.34382	19.268	32.577	0.52605	34.335	0.51731
19.321	45.219	0.34517	49.042	0.3436	19.321	32.545	0.52605	34.302	0.51731
19.374	45.161	0.34506	48.979	0.34349	19.374	32.518	0.52791	34.273	0.51915
19.427	45.132	0.34515	48.948	0.34357	19.427	32.542	0.52794	34.298	0.51917
19.48	45.066	0.34494	48.876	0.34335	19.48	32.508	0.52899	34.263	0.5202
19.533	45.048	0.34563	48.857	0.34405	19.533	32.485	0.52876	34.239	0.51996
19.586	45.033	0.3452	48.841	0.34361	19.586	32.496	0.52812	34.251	0.51932
19.639	45.011	0.34562	48.818	0.34403	19.639	32.523	0.52643	34.28	0.51766
19.692	44.962	0.34644	48.765	0.34485	19.692	32.497	0.52513	34.252	0.51639
19.745	44.932	0.34626	48.732	0.34467	19.745	32.479	0.52462	34.234	0.51587
19.798	44.924	0.34614	48.723	0.34455	19.798	32.462	0.52482	34.217	0.51607
19.851	44.879	0.34624	48.674	0.34464	19.851	32.462	0.5243	34.217	0.51554
19.904	44.875	0.34625	48.671	0.34466	19.904	32.481	0.52356	34.237	0.51483
19.958	44.879	0.34711	48.675	0.34552	19.958	32.537	0.52183	34.296	0.51313
20.011	44.822	0.34739	48.613	0.34579	20.011	32.512	0.52152	34.271	0.51281
20.064	44.759	0.34738	48.545	0.34578	20.064	32.514	0.52153	34.272	0.51283
20.117	44.747	0.34688	48.533	0.34528	20.117	32.491	0.52223	34.248	0.51352
20.17	44.703	0.34657	48.484	0.34496	20.17	32.482	0.52214	34.239	0.51343
20.223	44.643	0.34698	48.42	0.34538	20.223	32.5	0.5217	34.259	0.51301
20.276	44.574	0.34735	48.345	0.34575	20.276	32.491	0.52146	34.25	0.51275
20.329	44.517	0.34665	48.283	0.34504	20.329	32.483	0.5223	34.242	0.51359
20.382	44.451	0.34807	48.212	0.34646	20.382	32.516	0.52163	34.276	0.51293
20.435	44.401	0.3476	48.158	0.34599	20.435	32.489	0.52189	34.249	0.51317
20.488	44.375	0.34793	48.13	0.34631	20.488	32.516	0.52081	34.278	0.51211
20.541	44.303	0.3477	48.053	0.34607	20.541	32.512	0.52084	34.275	0.51215
20.594	44.285	0.34864	48.033	0.34702	20.594	32.531	0.51989	34.294	0.51121
20.648	44.25	0.34855	47.995	0.34692	20.648	32.55	0.5194	34.314	0.51072
20.701	44.211	0.34941	47.953	0.34778	20.701	32.543	0.51784	34.307	0.50919
20.754	44.162	0.34983	47.9	0.3482	20.754	32.526	0.5173	34.29	0.50867
20.807	44.155	0.35039	47.893	0.34876	20.807	32.54	0.51629	34.305	0.50768
20.86	44.108	0.35102	47.842	0.34938	20.86	32.602	0.51648	34.37	0.5079
