Time	Fascicle Length R1_F1	Pennation Angle R1_F1	
0.055261	55.004	0.29921
0.11052	54.998	0.29841
0.16578	55.008	0.29843
0.22104	55.032	0.29805
0.2763	55.038	0.29848
0.33156	55.035	0.29749
0.38683	55.038	0.29741
0.44209	55.027	0.29697
0.49735	55.056	0.29726
0.55261	55.053	0.29704
0.60787	55.036	0.2967
0.66313	55.048	0.29666
0.71839	55.021	0.29665
0.77365	55.072	0.29671
0.82891	55.03	0.29584
0.88417	55.039	0.2958
0.93943	55.07	0.2955
0.99469	55.087	0.29555
1.05	55.067	0.29531
1.1052	55.073	0.29528
1.1605	55.109	0.29492
1.2157	55.14	0.29456
1.271	55.149	0.29463
1.3263	55.158	0.2943
1.3815	55.113	0.29445
1.4368	55.135	0.29403
1.492	55.117	0.2937
1.5473	55.072	0.29419
1.6026	55.062	0.29472
1.6578	54.926	0.29548
1.7131	54.874	0.29494
1.7683	54.888	0.29513
1.8236	54.878	0.29507
1.8789	54.844	0.2948
1.9341	54.831	0.2946
1.9894	54.751	0.29501
2.0447	54.692	0.29613
2.0999	54.663	0.29661
2.1552	54.627	0.29649
2.2104	54.622	0.296
2.2657	54.603	0.29574
2.321	54.58	0.29541
2.3762	54.578	0.29529
2.4315	54.569	0.29557
2.4867	54.592	0.2954
2.542	54.547	0.29649
2.5973	54.402	0.29636
2.6525	54.355	0.29648
2.7078	54.369	0.29622
2.763	54.316	0.29622
2.8183	54.304	0.29612
2.8736	54.325	0.29647
2.9288	54.313	0.29632
2.9841	54.285	0.29641
3.0393	54.272	0.2965
3.0946	54.28	0.29635
3.1499	54.248	0.29619
3.2051	54.228	0.29616
3.2604	54.258	0.29625
3.3156	54.213	0.2961
3.3709	54.166	0.2959
3.4262	54.175	0.29581
3.4814	54.178	0.29631
3.5367	54.127	0.29612
3.592	54.1	0.29635
3.6472	54.086	0.29603
3.7025	54.083	0.29576
3.7577	54.057	0.29561
3.813	54.074	0.29617
3.8683	54.058	0.29559
3.9235	54.056	0.29563
3.9788	54.071	0.29577
4.034	53.993	0.29573
4.0893	54.052	0.29578
4.1446	54.001	0.29615
4.1998	53.961	0.29621
4.2551	53.933	0.29587
4.3103	53.96	0.29616
4.3656	53.932	0.2961
4.4209	53.968	0.29636
4.4761	53.984	0.29618
4.5314	53.988	0.29634
4.5866	54.003	0.2964
4.6419	53.991	0.29628
4.6972	54.018	0.29604
4.7524	53.991	0.29567
4.8077	54.022	0.29564
4.863	53.988	0.29539
4.9182	53.987	0.29561
4.9735	53.964	0.2964
5.0287	53.977	0.29653
5.084	53.983	0.29634
5.1393	53.987	0.29612
5.1945	54.005	0.29651
5.2498	54.01	0.29604
5.305	54.027	0.2959
5.3603	54.035	0.29599
5.4156	54.03	0.29565
5.4708	54.021	0.29581
5.5261	54.032	0.29596
5.5813	54.033	0.29641
5.6366	54.076	0.29676
5.6919	54.078	0.29717
5.7471	54.054	0.2969
5.8024	54.062	0.29726
5.8576	54.042	0.29736
5.9129	54.065	0.29758
5.9682	54.083	0.29733
6.0234	54.085	0.29741
6.0787	54.054	0.29747
6.134	54.081	0.2977
6.1892	54.042	0.2969
6.2445	54.11	0.29763
6.2997	54.103	0.29776
6.355	54.081	0.29769
6.4103	54.096	0.29708
6.4655	54.093	0.29663
6.5208	54.137	0.29713
6.576	54.09	0.2966
6.6313	54.11	0.29664
6.6866	54.155	0.29723
6.7418	54.123	0.29778
6.7971	54.117	0.2985
6.8523	54.085	0.29778
6.9076	54.087	0.29886
6.9629	54.113	0.29926
7.0181	54.097	0.29902
7.0734	54.114	0.29957
7.1286	54.128	0.29959
7.1839	54.12	0.29948
7.2392	54.135	0.29994
7.2944	54.183	0.29987
7.3497	54.2	0.30026
7.405	54.241	0.30043
7.4602	54.22	0.29996
7.5155	54.209	0.30006
7.5707	54.19	0.30037
7.626	54.16	0.30103
7.6813	54.152	0.30075
7.7365	54.144	0.30112
7.7918	54.158	0.30166
7.847	54.135	0.3018
7.9023	54.123	0.30198
7.9576	54.142	0.30256
8.0128	54.131	0.30222
8.0681	54.117	0.30241
8.1233	54.124	0.30232
8.1786	54.13	0.30252
8.2339	54.085	0.30263
8.2891	54.089	0.30287
8.3444	54.123	0.30366
8.3996	54.108	0.30421
8.4549	54.187	0.30454
8.5102	54.184	0.30527
8.5654	54.193	0.30494
8.6207	54.165	0.30496
8.676	54.193	0.30592
8.7312	54.172	0.30616
8.7865	54.153	0.30633
8.8417	54.15	0.30625
8.897	54.156	0.30735
8.9523	54.136	0.3077
9.0075	54.147	0.3082
9.0628	54.155	0.30852
9.118	54.126	0.30883
9.1733	54.118	0.30965
9.2286	54.162	0.31001
9.2838	54.154	0.3098
9.3391	54.147	0.30987
9.3943	54.15	0.31023
9.4496	54.155	0.31021
9.5049	54.142	0.31044
9.5601	54.147	0.31007
9.6154	54.132	0.31002
9.6706	54.14	0.31
9.7259	54.134	0.31023
9.7812	54.152	0.30997
9.8364	54.145	0.30963
9.8917	54.138	0.31001
9.9469	54.143	0.30987
10.002	54.124	0.31013
10.057	54.093	0.30974
10.113	54.092	0.31022
10.168	54.107	0.31041
10.223	54.08	0.30996
10.279	54.065	0.30985
10.334	54.087	0.31004
10.389	54.09	0.30979
10.444	54.098	0.30939
10.5	54.116	0.30878
10.555	54.09	0.30867
10.61	54.104	0.30901
10.665	54.098	0.3092
10.721	54.093	0.30969
10.776	54.068	0.30933
10.831	54.066	0.30876
10.886	54.046	0.30858
10.942	54.048	0.30847
10.997	54.018	0.30864
11.052	54.007	0.30826
11.107	54.04	0.30818
11.163	54.047	0.30799
11.218	54.086	0.30866
11.273	54.084	0.30858
11.328	54.085	0.30773
11.384	54.082	0.30792
11.439	54.082	0.30783
11.494	54.06	0.30761
11.55	54.086	0.30727
11.605	54.024	0.30658
11.66	54.02	0.30643
11.715	54.036	0.30678
11.771	54.028	0.30629
11.826	54.015	0.30611
11.881	54.024	0.30605
11.936	54.012	0.30631
11.992	54.032	0.30568
12.047	53.982	0.30561
12.102	54.012	0.30518
12.157	53.97	0.30541
12.213	53.998	0.30538
12.268	53.977	0.30465
12.323	53.978	0.30538
12.378	54.01	0.30573
12.434	53.97	0.305
12.489	53.946	0.30462
12.544	53.961	0.30448
12.599	53.916	0.3056
12.655	53.945	0.30577
12.71	53.89	0.30552
12.765	53.856	0.30479
12.821	53.86	0.30457
12.876	53.88	0.30397
12.931	53.826	0.30347
12.986	53.844	0.30372
13.042	53.86	0.30334
13.097	53.806	0.30336
13.152	53.832	0.30384
13.207	53.874	0.30387
13.263	53.838	0.30321
13.318	53.829	0.30297
13.373	53.875	0.30296
13.428	53.861	0.30177
13.484	53.878	0.30148
13.539	53.888	0.30187
13.594	53.899	0.30092
13.649	53.911	0.30075
13.705	53.893	0.30097
13.76	53.862	0.30042
13.815	53.866	0.29941
13.87	53.886	0.30052
13.926	53.92	0.29969
13.981	53.894	0.29955
14.036	53.912	0.29984
14.092	53.943	0.30006
14.147	53.923	0.2994
14.202	53.923	0.29957
14.257	53.967	0.29955
14.313	53.95	0.29982
14.368	53.996	0.29884
14.423	53.977	0.29864
14.478	53.993	0.2984
14.534	54.093	0.29982
14.589	54.165	0.29976
14.644	54.162	0.29892
14.699	54.211	0.29915
14.755	54.284	0.29967
14.81	54.259	0.29879
14.865	54.289	0.2995
14.92	54.395	0.29903
14.976	54.372	0.29967
15.031	54.368	0.29758
15.086	54.35	0.29845
15.141	54.412	0.29905
15.197	54.398	0.30038
15.252	54.421	0.29881
15.307	54.467	0.29926
15.363	54.537	0.30006
15.418	54.517	0.29955
15.473	54.573	0.29973
15.528	54.486	0.29892
15.584	54.549	0.29868
15.639	54.504	0.29869
15.694	54.467	0.29777
15.749	54.493	0.29777
15.805	54.515	0.29972
15.86	54.449	0.29879
15.915	54.462	0.29829
15.97	54.446	0.29895
16.026	54.501	0.2992
16.081	54.463	0.29963
16.136	54.437	0.29973
16.191	54.422	0.30054
16.247	54.343	0.30076
16.302	54.431	0.30053
16.357	54.36	0.29988
16.412	54.332	0.29963
16.468	54.318	0.2993
16.523	54.312	0.29923
16.578	54.338	0.30011
16.634	54.284	0.30093
16.689	54.283	0.30136
16.744	54.282	0.30045
16.799	54.321	0.30137
16.855	54.287	0.30029
16.91	54.291	0.29995
16.965	54.315	0.30033
17.02	54.317	0.30139
17.076	54.268	0.30041
17.131	54.269	0.30009
17.186	54.279	0.30061
17.241	54.256	0.30083
17.297	54.278	0.30121
17.352	54.278	0.29994
17.407	54.264	0.30021
17.462	54.284	0.30064
17.518	54.302	0.30038
17.573	54.298	0.30133
17.628	54.313	0.30147
17.683	54.268	0.30132
17.739	54.254	0.30151
17.794	54.245	0.30118
17.849	54.202	0.30103
17.905	54.204	0.3023
17.96	54.195	0.30258
18.015	54.169	0.30132
18.07	54.157	0.3004
18.126	54.131	0.30105
18.181	54.131	0.30124
18.236	54.077	0.3017
18.291	54.103	0.30165
18.347	54.048	0.30059
18.402	54.042	0.30164
18.457	54.055	0.30227
18.512	53.98	0.30212
18.568	53.954	0.30249
18.623	53.975	0.30194
18.678	53.864	0.30047
18.733	53.885	0.30147
18.789	53.826	0.2999
18.844	53.777	0.2986
18.899	53.753	0.30091
18.954	53.777	0.30231
19.01	53.818	0.30156
19.065	53.751	0.3014
19.12	53.741	0.30126
19.176	53.69	0.29959
19.231	53.695	0.2998
19.286	53.667	0.29996
19.341	53.628	0.29982
19.397	53.655	0.30067
19.452	53.646	0.30025
19.507	53.612	0.29969
19.562	53.574	0.29937
19.618	53.59	0.29928
19.673	53.561	0.29937
19.728	53.533	0.29848
19.783	53.535	0.29945
19.839	53.542	0.30033
19.894	53.547	0.30027
19.949	53.593	0.29997
20.004	53.581	0.29781
20.06	53.543	0.29706
20.115	53.522	0.29709
20.17	53.55	0.2972
20.225	53.45	0.29689
20.281	53.51	0.29706
20.336	53.514	0.29555
20.391	53.514	0.29607
20.447	53.487	0.29586
20.502	53.542	0.29552
20.557	53.561	0.29609
20.612	53.548	0.29471
20.668	53.526	0.29413
20.723	53.573	0.29585
20.778	53.622	0.29652
20.833	53.613	0.29641
20.889	53.59	0.29754
20.944	53.643	0.30053
20.999	53.671	0.30482
21.054	53.677	0.30777
21.11	53.707	0.30997
21.165	53.755	0.31143
21.22	53.79	0.31179
21.275	53.806	0.31246
21.331	53.799	0.31292
21.386	53.847	0.31351
21.441	53.857	0.31384
21.496	53.85	0.31422
21.552	53.825	0.31486
21.607	53.858	0.31517
21.662	53.856	0.31594
21.718	53.795	0.31588
21.773	53.821	0.31584
21.828	53.803	0.31576
21.883	53.789	0.31654
21.939	53.813	0.31695
21.994	53.784	0.31685
