Time	Fascicle Length R1_F1	Pennation Angle R1_F1	Fascicle Length R1_F2	Pennation Angle R1_F2	
0.055261	54.722	0.32726	56.364	0.32532
0.11052	54.725	0.3272	56.366	0.32526
0.16578	54.719	0.32718	56.36	0.32524
0.22104	54.75	0.32934	56.392	0.3274
0.2763	54.802	0.33275	56.445	0.3308
0.33156	54.844	0.3335	56.488	0.33155
0.38683	54.846	0.33364	56.49	0.33169
0.44209	54.87	0.33359	56.515	0.33164
0.49735	54.886	0.33266	56.532	0.33071
0.55261	54.914	0.33199	56.56	0.33005
0.60787	54.963	0.33139	56.611	0.32945
0.66313	54.952	0.33001	56.599	0.32807
0.71839	54.996	0.3299	56.643	0.32796
0.77365	55.015	0.32944	56.663	0.3275
0.82891	55.046	0.32984	56.694	0.3279
0.88417	55.104	0.32998	56.755	0.32805
0.93943	55.133	0.32979	56.785	0.32785
0.99469	55.154	0.32906	56.806	0.32713
1.05	55.189	0.32859	56.842	0.32666
1.1052	55.2	0.32801	56.852	0.32609
1.1605	55.255	0.32747	56.909	0.32555
1.2157	55.289	0.3278	56.944	0.32588
1.271	55.345	0.32758	57.001	0.32566
1.3263	55.338	0.32755	56.994	0.32563
1.3815	55.392	0.32681	57.05	0.3249
1.4368	55.413	0.32631	57.071	0.32441
1.492	55.474	0.32486	57.134	0.32296
1.5473	55.466	0.32454	57.125	0.32264
1.6026	55.509	0.32368	57.169	0.32178
1.6578	55.559	0.32348	57.22	0.32158
1.7131	55.578	0.32295	57.24	0.32106
1.7683	55.623	0.32302	57.286	0.32112
1.8236	55.665	0.32284	57.328	0.32095
1.8789	55.711	0.32256	57.376	0.32067
1.9341	55.767	0.32248	57.433	0.32059
1.9894	55.816	0.32239	57.483	0.32051
2.0447	55.864	0.32211	57.533	0.32023
2.0999	55.906	0.32199	57.576	0.32011
2.1552	55.941	0.3219	57.612	0.32002
2.2104	55.996	0.3219	57.669	0.32003
2.2657	56.074	0.32159	57.749	0.31973
2.321	56.1	0.32133	57.775	0.31946
2.3762	56.144	0.32116	57.82	0.31929
2.4315	56.198	0.32105	57.876	0.31919
2.4867	56.226	0.32124	57.905	0.31938
2.542	56.258	0.32111	57.938	0.31926
2.5973	56.275	0.3212	57.955	0.31934
2.6525	56.302	0.32129	57.982	0.31944
2.7078	56.363	0.32093	58.045	0.31908
2.763	56.392	0.32075	58.075	0.3189
2.8183	56.434	0.32047	58.118	0.31862
2.8736	56.49	0.32053	58.175	0.31869
2.9288	56.529	0.32008	58.215	0.31824
2.9841	56.586	0.3201	58.274	0.31826
3.0393	56.634	0.32056	58.322	0.31872
3.0946	56.694	0.32086	58.385	0.31902
3.1499	56.708	0.32129	58.398	0.31945
3.2051	56.758	0.32068	58.45	0.31884
3.2604	56.787	0.32009	58.479	0.31826
3.3156	56.815	0.31978	58.508	0.31795
3.3709	56.854	0.31993	58.548	0.3181
3.4262	56.904	0.31949	58.6	0.31766
3.4814	56.98	0.31938	58.678	0.31755
3.5367	57.029	0.31945	58.728	0.31763
3.592	57.034	0.31945	58.733	0.31763
3.6472	57.096	0.31939	58.797	0.31758
3.7025	57.145	0.31898	58.847	0.31716
3.7577	57.168	0.31888	58.87	0.31707
3.813	57.201	0.31877	58.904	0.31696
3.8683	57.215	0.31869	58.918	0.31687
3.9235	57.308	0.31818	59.014	0.31638
3.9788	57.34	0.31813	59.046	0.31632
4.034	57.381	0.3177	59.088	0.3159
4.0893	57.398	0.31727	59.106	0.31547
4.1446	57.423	0.31735	59.131	0.31555
4.1998	57.485	0.31741	59.195	0.31561
4.2551	57.542	0.31758	59.253	0.31578
4.3103	57.564	0.31767	59.276	0.31588
4.3656	57.571	0.31793	59.283	0.31613
4.4209	57.62	0.31791	59.334	0.31612
4.4761	57.641	0.31776	59.355	0.31597
4.5314	57.708	0.31765	59.424	0.31586
4.5866	57.765	0.3172	59.482	0.31541
4.6419	57.817	0.31668	59.536	0.3149
4.6972	57.827	0.31664	59.546	0.31486
4.7524	57.821	0.31652	59.539	0.31474
4.8077	57.896	0.31648	59.616	0.3147
4.863	57.955	0.31582	59.677	0.31405
4.9182	57.985	0.31578	59.708	0.314
4.9735	58.02	0.31576	59.744	0.31399
5.0287	58.041	0.31571	59.765	0.31393
5.084	58.091	0.31595	59.816	0.31418
5.1393	58.157	0.31652	59.884	0.31475
5.1945	58.174	0.31652	59.902	0.31475
5.2498	58.212	0.31614	59.941	0.31437
5.305	58.244	0.31613	59.973	0.31436
5.3603	58.275	0.31556	60.005	0.3138
5.4156	58.337	0.31533	60.068	0.31357
5.4708	58.36	0.31522	60.092	0.31346
5.5261	58.417	0.31498	60.15	0.31323
5.5813	58.517	0.31458	60.253	0.31283
5.6366	58.551	0.31461	60.288	0.31286
5.6919	58.568	0.31457	60.305	0.31282
5.7471	58.599	0.31442	60.337	0.31267
5.8024	58.632	0.31448	60.37	0.31274
5.8576	58.692	0.31369	60.432	0.31194
5.9129	58.76	0.31383	60.501	0.31209
5.9682	58.799	0.31404	60.541	0.3123
6.0234	58.83	0.31413	60.573	0.31239
6.0787	58.893	0.31389	60.638	0.31216
6.134	58.92	0.31381	60.666	0.31207
6.1892	58.981	0.31352	60.728	0.31179
6.2445	59.038	0.31293	60.787	0.3112
6.2997	59.06	0.31274	60.809	0.31102
6.355	59.084	0.31267	60.834	0.31095
6.4103	59.119	0.31217	60.87	0.31045
6.4655	59.142	0.31214	60.893	0.31042
6.5208	59.147	0.31241	60.898	0.31069
6.576	59.174	0.31265	60.926	0.31092
6.6313	59.197	0.31237	60.949	0.31065
6.6866	59.238	0.31176	60.991	0.31005
6.7418	59.287	0.31172	61.042	0.31
6.7971	59.317	0.31152	61.073	0.30981
6.8523	59.341	0.31135	61.097	0.30963
6.9076	59.386	0.31125	61.143	0.30953
6.9629	59.401	0.31093	61.159	0.30922
7.0181	59.448	0.31095	61.207	0.30924
7.0734	59.469	0.31082	61.228	0.30911
7.1286	59.49	0.31115	61.249	0.30945
7.1839	59.524	0.31108	61.285	0.30938
7.2392	59.557	0.3109	61.318	0.3092
7.2944	59.562	0.31084	61.323	0.30914
7.3497	59.615	0.31084	61.377	0.30913
7.405	59.65	0.31061	61.414	0.30891
7.4602	59.687	0.31045	61.451	0.30876
7.5155	59.722	0.3105	61.487	0.30881
7.5707	59.745	0.31042	61.511	0.30873
7.626	59.731	0.31057	61.496	0.30887
7.6813	59.737	0.3106	61.503	0.30891
7.7365	59.741	0.31055	61.506	0.30886
7.7918	59.762	0.31028	61.529	0.30858
7.847	59.757	0.31038	61.523	0.30868
7.9023	59.768	0.31041	61.535	0.30872
7.9576	59.791	0.31015	61.558	0.30846
8.0128	59.803	0.31001	61.57	0.30831
8.0681	59.787	0.30986	61.554	0.30817
8.1233	59.77	0.30997	61.536	0.30828
8.1786	59.789	0.30978	61.556	0.30809
8.2339	59.811	0.3101	61.579	0.3084
8.2891	59.828	0.31034	61.596	0.30865
8.3444	59.828	0.31017	61.596	0.30848
8.3996	59.831	0.30996	61.599	0.30827
8.4549	59.794	0.30968	61.561	0.30799
8.5102	59.793	0.31013	61.56	0.30844
8.5654	59.777	0.31	61.544	0.30831
8.6207	59.745	0.30973	61.511	0.30803
8.676	59.719	0.30995	61.484	0.30826
8.7312	59.704	0.30996	61.469	0.30826
8.7865	59.662	0.3101	61.426	0.3084
8.8417	59.64	0.31001	61.403	0.30831
8.897	59.622	0.30995	61.385	0.30825
8.9523	59.559	0.3099	61.321	0.3082
9.0075	59.546	0.30982	61.307	0.30812
9.0628	59.512	0.30987	61.272	0.30817
9.118	59.497	0.30986	61.256	0.30816
9.1733	59.49	0.30965	61.25	0.30794
9.2286	59.479	0.30974	61.238	0.30804
9.2838	59.417	0.31044	61.176	0.30873
9.3391	59.394	0.31024	61.152	0.30854
9.3943	59.334	0.31026	61.09	0.30855
9.4496	59.306	0.31007	61.062	0.30836
9.5049	59.253	0.31001	61.007	0.3083
9.5601	59.215	0.30985	60.968	0.30814
9.6154	59.194	0.31	60.947	0.30829
9.6706	59.176	0.30945	60.928	0.30774
9.7259	59.137	0.30928	60.889	0.30756
9.7812	59.088	0.30953	60.838	0.30782
9.8364	59.081	0.30953	60.831	0.30781
9.8917	59.079	0.3093	60.829	0.30758
9.9469	59.05	0.30932	60.799	0.3076
10.002	59.004	0.30933	60.753	0.30761
10.057	58.971	0.3091	60.718	0.30738
10.113	58.978	0.30901	60.726	0.30729
10.168	58.933	0.30892	60.68	0.3072
10.223	58.906	0.3091	60.652	0.30738
10.279	58.868	0.30946	60.613	0.30774
10.334	58.845	0.30898	60.59	0.30725
10.389	58.83	0.30874	60.574	0.30701
10.444	58.743	0.30935	60.485	0.30762
10.5	58.754	0.309	60.497	0.30727
10.555	58.706	0.30886	60.447	0.30714
10.61	58.667	0.3085	60.408	0.30677
10.665	58.631	0.30876	60.37	0.30703
10.721	58.622	0.30892	60.361	0.30719
10.776	58.63	0.30905	60.37	0.30732
10.831	58.559	0.30894	60.297	0.30721
10.886	58.545	0.30904	60.283	0.3073
10.942	58.498	0.30949	60.235	0.30776
10.997	58.47	0.30932	60.206	0.30759
11.052	58.404	0.30978	60.139	0.30804
11.107	58.382	0.30971	60.116	0.30797
11.163	58.274	0.30968	60.006	0.30794
11.218	58.234	0.30947	59.964	0.30773
11.273	58.158	0.30966	59.886	0.30791
11.328	58.084	0.30956	59.811	0.30781
11.384	58.092	0.30985	59.818	0.3081
11.439	58.034	0.31047	59.759	0.30872
11.494	58.031	0.31044	59.756	0.30869
11.55	58	0.31098	59.725	0.30922
11.605	57.987	0.31108	59.711	0.30933
11.66	57.931	0.31112	59.654	0.30936
11.715	57.939	0.31074	59.662	0.30898
11.771	57.848	0.31082	59.569	0.30906
11.826	57.808	0.31109	59.528	0.30933
11.881	57.783	0.31061	59.503	0.30885
11.936	57.765	0.31094	59.484	0.30917
11.992	57.746	0.31121	59.464	0.30945
12.047	57.739	0.31124	59.458	0.30947
12.102	57.69	0.31091	59.407	0.30915
12.157	57.677	0.31069	59.394	0.30893
12.213	57.658	0.31005	59.374	0.30828
12.268	57.651	0.30985	59.367	0.30808
12.323	57.63	0.3105	59.346	0.30873
12.378	57.617	0.31046	59.332	0.30869
12.434	57.589	0.31075	59.304	0.30898
12.489	57.567	0.31103	59.282	0.30925
12.544	57.503	0.31113	59.216	0.30936
12.599	57.478	0.31118	59.191	0.3094
12.655	57.412	0.31134	59.122	0.30956
12.71	57.424	0.31174	59.135	0.30996
12.765	57.38	0.31146	59.09	0.30968
12.821	57.361	0.31172	59.07	0.30994
12.876	57.336	0.3122	59.045	0.31042
12.931	57.333	0.31249	59.042	0.3107
12.986	57.293	0.3128	59.001	0.31101
13.042	57.259	0.31244	58.966	0.31065
13.097	57.241	0.31216	58.948	0.31037
13.152	57.219	0.31254	58.925	0.31075
13.207	57.236	0.3128	58.943	0.31101
13.263	57.169	0.31294	58.874	0.31114
13.318	57.189	0.31286	58.895	0.31106
13.373	57.087	0.31291	58.79	0.31111
13.428	57.12	0.3124	58.824	0.3106
13.484	57.09	0.31198	58.794	0.31018
13.539	57.06	0.31177	58.763	0.30996
13.594	57.065	0.31159	58.768	0.30978
13.649	57.008	0.31162	58.709	0.30981
13.705	56.971	0.31171	58.672	0.3099
13.76	56.934	0.3115	58.633	0.30969
13.815	56.884	0.3115	58.583	0.30968
13.87	56.864	0.31148	58.562	0.30966
13.926	56.834	0.31191	58.532	0.31009
13.981	56.821	0.31211	58.518	0.31029
14.036	56.759	0.312	58.454	0.31017
14.092	56.755	0.31185	58.451	0.31002
14.147	56.706	0.312	58.4	0.31017
14.202	56.685	0.31198	58.379	0.31015
14.257	56.66	0.31182	58.353	0.30999
14.313	56.614	0.31186	58.306	0.31003
14.368	56.606	0.31233	58.298	0.31049
14.423	56.544	0.31203	58.234	0.31019
14.478	56.493	0.31208	58.183	0.31024
14.534	56.475	0.3124	58.163	0.31056
14.589	56.432	0.31194	58.12	0.31009
14.644	56.407	0.31215	58.094	0.3103
14.699	56.36	0.31195	58.046	0.3101
14.755	56.327	0.31179	58.012	0.30995
14.81	56.311	0.3121	57.995	0.31026
14.865	56.288	0.3125	57.972	0.31065
14.92	56.264	0.3122	57.948	0.31035
14.976	56.218	0.31219	57.9	0.31033
15.031	56.189	0.31249	57.871	0.31063
15.086	56.191	0.31237	57.873	0.31052
15.141	56.18	0.31213	57.862	0.31027
15.197	56.15	0.31193	57.831	0.31008
15.252	56.139	0.31166	57.82	0.30981
15.307	56.083	0.31164	57.762	0.30978
15.363	56.062	0.31128	57.742	0.30942
15.418	55.993	0.31138	57.67	0.30952
15.473	56.016	0.31184	57.694	0.30997
15.528	55.949	0.31167	57.625	0.3098
15.584	55.891	0.31102	57.566	0.30914
15.639	55.847	0.31072	57.521	0.30884
15.694	55.868	0.31154	57.543	0.30966
15.749	55.888	0.31246	57.564	0.31058
15.805	55.918	0.31319	57.596	0.31132
15.86	55.883	0.31448	57.56	0.3126
15.915	55.904	0.31472	57.581	0.31285
15.97	55.857	0.3147	57.532	0.31282
16.026	55.873	0.31454	57.549	0.31266
16.081	55.814	0.31425	57.488	0.31236
16.136	55.856	0.31517	57.532	0.31328
16.191	55.85	0.31611	57.526	0.31422
16.247	55.817	0.316	57.492	0.31411
16.302	55.812	0.31612	57.487	0.31423
16.357	55.76	0.31654	57.434	0.31465
16.412	55.762	0.31573	57.436	0.31383
16.468	55.686	0.31525	57.358	0.31335
16.523	55.714	0.31521	57.387	0.31331
16.578	55.631	0.31556	57.301	0.31366
16.634	55.624	0.31534	57.294	0.31344
16.689	55.571	0.31568	57.24	0.31376
16.744	55.576	0.31536	57.246	0.31345
16.799	55.503	0.31538	57.171	0.31347
16.855	55.474	0.31548	57.141	0.31357
16.91	55.448	0.31497	57.115	0.31305
16.965	55.417	0.31593	57.083	0.31401
17.02	55.41	0.31629	57.076	0.31437
17.076	55.424	0.31676	57.091	0.31483
17.131	55.409	0.31769	57.074	0.31576
17.186	55.415	0.31752	57.08	0.31559
17.241	55.34	0.31731	57.004	0.31538
17.297	55.345	0.3178	57.009	0.31586
17.352	55.301	0.31808	56.964	0.31614
17.407	55.318	0.31785	56.982	0.31591
17.462	55.257	0.31782	56.92	0.31588
17.518	55.257	0.31741	56.919	0.31547
17.573	55.225	0.31722	56.886	0.31528
17.628	55.18	0.31769	56.84	0.31574
17.683	55.166	0.31814	56.826	0.31619
17.739	55.122	0.31701	56.781	0.31506
17.794	55.11	0.31678	56.769	0.31483
17.849	55.092	0.31774	56.75	0.31579
17.905	55.077	0.31719	56.735	0.31524
17.96	55.039	0.31698	56.696	0.31503
18.015	55.038	0.31742	56.696	0.31547
18.07	55.022	0.31779	56.679	0.31584
18.126	54.994	0.31778	56.651	0.31583
18.181	54.997	0.31774	56.653	0.31578
18.236	55.022	0.31743	56.68	0.31548
18.291	55.001	0.31657	56.657	0.31462
18.347	54.966	0.31686	56.622	0.31491
18.402	54.971	0.31711	56.627	0.31516
18.457	54.937	0.31733	56.592	0.31537
18.512	54.911	0.31687	56.566	0.31491
18.568	54.922	0.31681	56.576	0.31485
18.623	54.855	0.31648	56.509	0.31452
18.678	54.813	0.31577	56.465	0.3138
18.733	54.79	0.31535	56.442	0.31339
18.789	54.815	0.31591	56.468	0.31395
18.844	54.789	0.31627	56.441	0.3143
18.899	54.771	0.31637	56.422	0.3144
18.954	54.798	0.31636	56.45	0.31439
19.01	54.782	0.31668	56.433	0.31471
19.065	54.814	0.31694	56.466	0.31497
19.12	54.797	0.31677	56.449	0.31481
19.176	54.774	0.31595	56.425	0.31399
19.231	54.743	0.31499	56.394	0.31302
19.286	54.748	0.31454	56.398	0.31258
19.341	54.755	0.31481	56.406	0.31284
19.397	54.753	0.31486	56.404	0.31289
19.452	54.752	0.31533	56.402	0.31337
19.507	54.761	0.31591	56.412	0.31395
19.562	54.814	0.31609	56.467	0.31413
19.618	54.778	0.31604	56.429	0.31407
19.673	54.794	0.31576	56.446	0.31379
19.728	54.771	0.31558	56.422	0.31362
19.783	54.772	0.31592	56.423	0.31396
19.839	54.776	0.31541	56.428	0.31345
19.894	54.762	0.31476	56.413	0.3128
19.949	54.783	0.31453	56.435	0.31257
20.004	54.743	0.31417	56.393	0.31221
20.06	54.724	0.31427	56.374	0.31231
20.115	54.735	0.31415	56.386	0.31219
20.17	54.72	0.31406	56.37	0.31209
20.225	54.717	0.31414	56.367	0.31217
20.281	54.749	0.31462	56.4	0.31265
20.336	54.682	0.31502	56.331	0.31305
20.391	54.729	0.3148	56.379	0.31283
20.447	54.712	0.31491	56.362	0.31294
20.502	54.706	0.31658	56.355	0.3146
20.557	54.692	0.32111	56.341	0.31911
20.612	54.605	0.32732	56.252	0.32531
20.668	54.627	0.33077	56.274	0.32874
20.723	54.38	0.33675	56.02	0.3347
20.778	54.468	0.34147	56.109	0.33942
20.833	54.397	0.33928	56.034	0.3372
20.889	54.344	0.34432	55.975	0.34227
20.944	52.486	0.34929	54.061	0.34718
20.999	52.228	0.34766	53.796	0.34554
21.054	51.758	0.35888	53.314	0.35669
21.11	51.582	0.34568	53.134	0.34355
21.165	51.622	0.34701	53.175	0.34487
21.22	50.491	0.34937	52.016	0.34716
21.275	50.498	0.34914	52.023	0.34694
21.331	49.996	0.35122	51.509	0.34898
21.386	49.788	0.35554	51.295	0.35327
21.441	49.658	0.35474	51.162	0.35247
21.496	50.245	0.35619	51.763	0.35394
21.552	50.015	0.35854	51.527	0.35625
21.607	50.173	0.35483	51.689	0.35258
21.662	49.927	0.35667	51.437	0.3544
21.718	50.223	0.35214	51.741	0.3499
