Time	Fascicle Length R1_F1	Pennation Angle R1_F1	
0.11052	62.153	0.27807
0.16578	62.183	0.27866
0.22104	62.187	0.279
0.2763	62.2	0.27879
0.33156	62.229	0.27858
0.38683	62.232	0.27868
0.44209	62.253	0.27853
0.49735	62.274	0.27839
0.55261	62.257	0.27878
0.60787	62.249	0.27875
0.66313	62.269	0.27849
0.71839	62.301	0.27862
0.77365	62.27	0.27862
0.82891	62.292	0.27831
0.88417	62.289	0.27816
0.93943	62.307	0.27851
0.99469	62.298	0.27783
1.05	62.297	0.27794
1.1052	62.326	0.27772
1.1605	62.331	0.27737
1.2157	62.36	0.27741
1.271	62.364	0.27681
1.3263	62.351	0.27646
1.3815	62.363	0.27625
1.4368	62.384	0.27603
1.492	62.37	0.27599
1.5473	62.337	0.2758
1.6026	62.38	0.27538
1.6578	62.362	0.27598
1.7131	62.377	0.27581
1.7683	62.38	0.27569
1.8236	62.39	0.27568
1.8789	62.375	0.27548
1.9341	62.383	0.2753
1.9894	62.394	0.27496
2.0447	62.399	0.27459
2.0999	62.433	0.27439
2.1552	62.448	0.27419
2.2104	62.451	0.27384
2.2657	62.484	0.27381
2.321	62.472	0.27405
2.3762	62.492	0.27338
2.4315	62.482	0.27278
2.4867	62.493	0.27292
2.542	62.526	0.27308
2.5973	62.527	0.27359
2.6525	62.517	0.27338
2.7078	62.544	0.27316
2.763	62.556	0.27303
2.8183	62.557	0.2729
2.8736	62.55	0.27298
2.9288	62.545	0.27297
2.9841	62.552	0.27252
3.0393	62.564	0.27244
3.0946	62.565	0.27253
3.1499	62.572	0.27264
3.2051	62.585	0.27218
3.2604	62.601	0.2722
3.3156	62.629	0.27234
3.3709	62.623	0.2719
3.4262	62.653	0.27155
3.4814	62.642	0.27149
3.5367	62.653	0.27176
3.592	62.61	0.27153
3.6472	62.648	0.27125
3.7025	62.675	0.27127
3.7577	62.662	0.27127
3.813	62.668	0.27135
3.8683	62.685	0.27131
3.9235	62.692	0.27125
3.9788	62.678	0.27175
4.034	62.684	0.27168
4.0893	62.655	0.27143
4.1446	62.666	0.2714
4.1998	62.68	0.2716
4.2551	62.678	0.2716
4.3103	62.669	0.27116
4.3656	62.657	0.27115
4.4209	62.685	0.27064
4.4761	62.69	0.27039
4.5314	62.676	0.27052
4.5866	62.704	0.27038
4.6419	62.735	0.27067
4.6972	62.752	0.27058
4.7524	62.734	0.27088
4.8077	62.717	0.27064
4.863	62.716	0.27029
4.9182	62.702	0.26993
4.9735	62.73	0.26932
5.0287	62.73	0.26938
5.084	62.74	0.26953
5.1393	62.751	0.26961
5.1945	62.734	0.26941
5.2498	62.73	0.26937
5.305	62.743	0.26896
5.3603	62.749	0.26883
5.4156	62.726	0.26896
5.4708	62.734	0.26925
5.5261	62.76	0.26923
5.5813	62.763	0.26965
5.6366	62.774	0.26892
5.6919	62.805	0.26868
5.7471	62.776	0.26871
5.8024	62.795	0.26866
5.8576	62.818	0.26858
5.9129	62.807	0.26898
5.9682	62.809	0.26878
6.0234	62.832	0.26892
6.0787	62.873	0.26859
6.134	62.904	0.26836
6.1892	62.871	0.26878
6.2445	62.89	0.26841
6.2997	62.896	0.2685
6.355	62.912	0.2687
6.4103	62.91	0.26844
6.4655	62.964	0.26836
6.5208	62.98	0.26837
6.576	62.987	0.26827
6.6313	63.017	0.26828
6.6866	63.033	0.26811
6.7418	63.052	0.26779
6.7971	63.038	0.26777
6.8523	63.047	0.26757
6.9076	63.052	0.26776
6.9629	63.042	0.26783
7.0181	63.077	0.26783
7.0734	63.101	0.26777
7.1286	63.12	0.26779
7.1839	63.126	0.26778
7.2392	63.136	0.26782
7.2944	63.139	0.26823
7.3497	63.145	0.26812
7.405	63.179	0.26803
7.4602	63.157	0.26825
7.5155	63.151	0.26829
7.5707	63.136	0.26845
7.626	63.124	0.26852
7.6813	63.134	0.26882
7.7365	63.151	0.26883
7.7918	63.165	0.26909
7.847	63.194	0.26907
7.9023	63.2	0.26915
7.9576	63.201	0.2694
8.0128	63.221	0.26939
8.0681	63.238	0.26956
8.1233	63.271	0.26968
8.1786	63.278	0.26996
8.2339	63.3	0.27017
8.2891	63.325	0.27038
8.3444	63.351	0.27052
8.3996	63.402	0.27041
8.4549	63.401	0.27059
8.5102	63.422	0.27084
8.5654	63.455	0.27095
8.6207	63.446	0.27108
8.676	63.48	0.27101
8.7312	63.518	0.27092
8.7865	63.52	0.27117
8.8417	63.557	0.2711
8.897	63.589	0.27098
8.9523	63.599	0.27103
9.0075	63.621	0.27121
9.0628	63.629	0.27124
9.118	63.67	0.27132
9.1733	63.707	0.27136
9.2286	63.724	0.27133
9.2838	63.738	0.2717
9.3391	63.783	0.27163
9.3943	63.798	0.27178
9.4496	63.832	0.27214
9.5049	63.858	0.27221
9.5601	63.884	0.27216
9.6154	63.913	0.27202
9.6706	63.921	0.2725
9.7259	63.961	0.27234
9.7812	64.006	0.2726
9.8364	64.032	0.27269
9.8917	64.024	0.27258
9.9469	64.059	0.27243
10.002	64.1	0.2724
10.057	64.123	0.27226
10.113	64.121	0.27231
10.168	64.184	0.27232
10.223	64.188	0.27258
10.279	64.191	0.27265
10.334	64.223	0.27306
10.389	64.265	0.27268
10.444	64.268	0.27303
10.5	64.32	0.27293
10.555	64.355	0.27253
10.61	64.367	0.27261
10.665	64.389	0.27267
10.721	64.419	0.27258
10.776	64.448	0.27285
10.831	64.512	0.27252
10.886	64.548	0.27231
10.942	64.541	0.27206
10.997	64.549	0.27239
11.052	64.595	0.27221
11.107	64.598	0.27212
11.163	64.627	0.27182
11.218	64.629	0.27243
11.273	64.677	0.27213
11.328	64.701	0.27232
11.384	64.732	0.27243
11.439	64.749	0.27247
11.494	64.773	0.27222
11.55	64.811	0.27199
11.605	64.857	0.27195
11.66	64.884	0.27223
11.715	64.893	0.27217
11.771	64.942	0.27228
11.826	64.994	0.27197
11.881	65.002	0.27247
11.936	65.038	0.27199
11.992	65.065	0.27158
12.047	65.075	0.2715
12.102	65.088	0.27168
12.157	65.096	0.27141
12.213	65.087	0.27151
12.268	65.123	0.27101
12.323	65.058	0.27097
12.378	65.088	0.27069
12.434	65.11	0.27063
12.489	65.115	0.27041
12.544	65.126	0.2702
12.599	65.153	0.27037
12.655	65.148	0.2701
12.71	65.194	0.26984
12.765	65.184	0.26979
12.821	65.163	0.2697
12.876	65.179	0.26953
12.931	65.167	0.26974
12.986	65.191	0.26961
13.042	65.148	0.26994
13.097	65.143	0.26978
13.152	65.13	0.26978
13.207	65.147	0.26941
13.263	65.17	0.26954
13.318	65.167	0.26934
13.373	65.14	0.26935
13.428	65.143	0.26947
13.484	65.13	0.26966
13.539	65.09	0.26932
13.594	65.052	0.2691
13.649	65.024	0.2688
13.705	65.029	0.26863
13.76	65.023	0.26828
13.815	64.975	0.26833
13.87	64.97	0.26809
13.926	64.941	0.26785
13.981	64.929	0.26737
14.036	64.911	0.26732
14.092	64.881	0.26731
14.147	64.855	0.26699
14.202	64.818	0.26711
14.257	64.767	0.26741
14.313	64.759	0.26685
14.368	64.744	0.26701
14.423	64.743	0.26665
14.478	64.695	0.26641
14.534	64.711	0.26593
14.589	64.671	0.26596
14.644	64.654	0.26564
14.699	64.624	0.26585
14.755	64.554	0.26589
14.81	64.526	0.26613
14.865	64.538	0.2661
14.92	64.527	0.26596
14.976	64.458	0.26587
15.031	64.474	0.26547
15.086	64.455	0.2653
15.141	64.414	0.26572
15.197	64.45	0.26498
15.252	64.386	0.26508
15.307	64.383	0.2655
15.363	64.352	0.2654
15.418	64.361	0.26494
15.473	64.337	0.26473
15.528	64.304	0.26423
15.584	64.279	0.26417
15.639	64.251	0.26402
15.694	64.274	0.26369
15.749	64.242	0.26411
15.805	64.198	0.26387
15.86	64.199	0.2635
15.915	64.143	0.26331
15.97	64.117	0.26293
16.026	64.109	0.26273
16.081	64.073	0.26279
16.136	64.083	0.26229
16.191	64.097	0.26165
16.247	64.083	0.26137
16.302	64.051	0.26151
16.357	64.025	0.26126
16.412	63.983	0.2609
16.468	63.976	0.2611
16.523	63.959	0.26095
16.578	63.94	0.26031
16.634	63.92	0.2601
16.689	63.911	0.26013
16.744	63.886	0.25995
16.799	63.882	0.25995
16.855	63.857	0.25987
16.91	63.832	0.25961
16.965	63.824	0.25944
17.02	63.779	0.25937
17.076	63.748	0.25902
17.131	63.721	0.25856
17.186	63.706	0.25828
17.241	63.675	0.25812
17.297	63.656	0.25817
17.352	63.631	0.2578
17.407	63.615	0.25731
17.462	63.601	0.25713
17.518	63.584	0.25717
17.573	63.588	0.25677
17.628	63.576	0.2569
17.683	63.564	0.25639
17.739	63.557	0.25614
17.794	63.546	0.25588
17.849	63.524	0.25574
17.905	63.519	0.25523
17.96	63.486	0.25508
18.015	63.47	0.2551
18.07	63.458	0.25479
18.126	63.463	0.25477
18.181	63.419	0.25492
18.236	63.428	0.25479
18.291	63.44	0.25467
18.347	63.418	0.2545
18.402	63.395	0.25462
18.457	63.389	0.25439
18.512	63.416	0.25439
18.568	63.392	0.25426
18.623	63.393	0.25444
18.678	63.41	0.2542
18.733	63.393	0.25459
18.789	63.394	0.25477
18.844	63.385	0.25439
18.899	63.37	0.25431
18.954	63.362	0.25442
19.01	63.358	0.25415
19.065	63.356	0.25414
19.12	63.36	0.25424
19.176	63.366	0.25404
19.231	63.346	0.25408
19.286	63.353	0.25402
19.341	63.355	0.25402
19.397	63.36	0.25432
19.452	63.331	0.2544
19.507	63.356	0.25447
19.562	63.338	0.25399
19.618	63.323	0.25414
19.673	63.312	0.25383
19.728	63.32	0.25385
19.783	63.315	0.25379
19.839	63.327	0.25425
19.894	63.339	0.2544
19.949	63.339	0.25418
20.004	63.338	0.25449
20.06	63.324	0.25443
20.115	63.299	0.25467
20.17	63.331	0.25485
20.225	63.339	0.2547
20.281	63.334	0.25471
20.336	63.302	0.25492
20.391	63.313	0.25454
20.447	63.307	0.25462
20.502	63.29	0.25506
20.557	63.315	0.25465
20.612	63.303	0.25496
20.668	63.321	0.2549
20.723	63.313	0.2555
20.778	63.324	0.25542
20.833	63.319	0.2554
20.889	63.318	0.25535
20.944	63.304	0.25543
20.999	63.353	0.25554
21.054	63.365	0.2556
21.11	63.379	0.25624
21.165	63.39	0.25653
21.22	63.375	0.25636
21.275	63.355	0.25628
21.331	63.339	0.25641
21.386	63.343	0.25658
21.441	63.323	0.25692
21.496	63.318	0.25703
21.552	63.335	0.25683
21.607	63.314	0.25687
21.662	63.316	0.25699
21.718	63.316	0.25698
21.773	63.309	0.25722
21.828	63.307	0.25744
21.883	63.294	0.25755
21.939	63.3	0.25781
21.994	63.294	0.25772
22.049	62.414	0.26774
