Time	Fascicle Length R1_F1	Pennation Angle R1_F1	
0.055261	71.637	0.20407
0.11052	71.617	0.20419
0.16578	71.683	0.20356
0.22104	71.697	0.20357
0.2763	71.715	0.20344
0.33156	71.68	0.20321
0.38683	71.681	0.20307
0.44209	71.658	0.20288
0.49735	71.623	0.20259
0.55261	71.614	0.20244
0.60787	71.654	0.20222
0.66313	71.721	0.20176
0.71839	71.764	0.20159
0.77365	71.828	0.20102
0.82891	71.815	0.20089
0.88417	71.829	0.20051
0.93943	71.788	0.20037
0.99469	71.704	0.20043
1.05	71.693	0.20006
1.1052	71.654	0.20005
1.1605	71.653	0.19964
1.2157	71.669	0.1993
1.271	71.688	0.19892
1.3263	71.65	0.19886
1.3815	71.628	0.19858
1.4368	71.605	0.1987
1.492	71.621	0.19849
1.5473	71.609	0.1984
1.6026	71.605	0.19815
1.6578	71.582	0.19801
1.7131	71.538	0.19794
1.7683	71.543	0.19752
1.8236	71.472	0.19749
1.8789	71.489	0.19707
1.9341	71.484	0.19679
1.9894	71.518	0.19676
2.0447	71.486	0.19655
2.0999	71.452	0.19677
2.1552	71.454	0.19639
2.2104	71.43	0.19616
2.2657	71.407	0.196
2.321	71.452	0.19548
2.3762	71.396	0.19554
2.4315	71.41	0.19533
2.4867	71.404	0.195
2.542	71.405	0.19497
2.5973	71.391	0.19526
2.6525	71.37	0.19519
2.7078	71.365	0.19507
2.763	71.36	0.19502
2.8183	71.384	0.19474
2.8736	71.406	0.19458
2.9288	71.374	0.1947
2.9841	71.391	0.19454
3.0393	71.411	0.19426
3.0946	71.372	0.19435
3.1499	71.356	0.19391
3.2051	71.336	0.19374
3.2604	71.277	0.19366
3.3156	71.272	0.19353
3.3709	71.221	0.19347
3.4262	71.233	0.19323
3.4814	71.192	0.19326
3.5367	71.196	0.19317
3.592	71.178	0.19293
3.6472	71.156	0.19265
3.7025	71.142	0.19218
3.7577	71.125	0.19201
3.813	71.141	0.19179
3.8683	71.17	0.19167
3.9235	71.175	0.19185
3.9788	71.185	0.19163
4.034	71.191	0.19127
4.0893	71.163	0.19116
4.1446	71.155	0.19112
4.1998	71.151	0.19104
4.2551	71.165	0.19084
4.3103	71.143	0.19072
4.3656	71.106	0.19093
4.4209	71.085	0.19064
4.4761	71.069	0.19072
4.5314	71.08	0.19057
4.5866	71.109	0.1906
4.6419	71.092	0.19099
4.6972	71.102	0.19144
4.7524	71.113	0.19117
4.8077	71.127	0.19095
4.863	71.097	0.19118
4.9182	71.094	0.19123
4.9735	71.144	0.1911
5.0287	71.111	0.19117
5.084	71.103	0.19096
5.1393	71.151	0.19069
5.1945	71.167	0.19111
5.2498	71.177	0.19083
5.305	71.146	0.19075
5.3603	71.129	0.19076
5.4156	71.145	0.19047
5.4708	71.155	0.19036
5.5261	71.142	0.19027
5.5813	71.147	0.19015
5.6366	71.149	0.19015
5.6919	71.148	0.1905
5.7471	71.126	0.19042
5.8024	71.163	0.18986
5.8576	71.159	0.19001
5.9129	71.168	0.19017
5.9682	71.169	0.19034
6.0234	71.18	0.19005
6.0787	71.207	0.19018
6.134	71.201	0.19037
6.1892	71.204	0.19017
6.2445	71.224	0.19013
6.2997	71.241	0.18996
6.355	71.266	0.19007
6.4103	71.238	0.19041
6.4655	71.291	0.19039
6.5208	71.278	0.19023
6.576	71.264	0.19038
6.6313	71.284	0.19007
6.6866	71.345	0.19023
6.7418	71.333	0.19036
6.7971	71.336	0.19052
6.8523	71.349	0.19054
6.9076	71.329	0.19048
6.9629	71.36	0.19031
7.0181	71.377	0.19028
7.0734	71.413	0.19001
7.1286	71.371	0.1904
7.1839	71.378	0.1902
7.2392	71.403	0.1899
7.2944	71.402	0.18987
7.3497	71.378	0.18968
7.405	71.423	0.18966
7.4602	71.41	0.18952
7.5155	71.409	0.18953
7.5707	71.406	0.18929
7.626	71.424	0.18906
7.6813	71.408	0.18909
7.7365	71.426	0.18881
7.7918	71.428	0.18866
7.847	71.421	0.18868
7.9023	71.485	0.18851
7.9576	71.483	0.18872
8.0128	71.45	0.18888
8.0681	71.458	0.18873
8.1233	71.507	0.18849
8.1786	71.469	0.18886
8.2339	71.494	0.18862
8.2891	71.483	0.18894
8.3444	71.499	0.18843
8.3996	71.517	0.18829
8.4549	71.498	0.18819
8.5102	71.507	0.18822
8.5654	71.515	0.18858
8.6207	71.5	0.18862
8.676	71.485	0.18862
8.7312	71.484	0.18863
8.7865	71.497	0.18855
8.8417	71.521	0.18843
8.897	71.477	0.18863
8.9523	71.469	0.18899
9.0075	71.541	0.18856
9.0628	71.579	0.18823
9.118	71.548	0.18944
9.1733	71.571	0.18912
9.2286	71.596	0.18941
9.2838	71.573	0.18955
9.3391	71.606	0.18971
9.3943	71.575	0.18971
9.4496	71.611	0.18968
9.5049	71.619	0.1894
9.5601	71.587	0.18959
9.6154	71.665	0.18937
9.6706	71.66	0.1894
9.7259	71.655	0.18945
9.7812	71.676	0.18927
9.8364	71.697	0.1892
9.8917	71.666	0.18932
9.9469	71.695	0.18929
10.002	71.701	0.18914
10.057	71.727	0.18907
10.113	71.739	0.18918
10.168	71.699	0.18948
10.223	71.721	0.18967
10.279	71.76	0.18953
10.334	71.746	0.18977
10.389	71.756	0.19003
10.444	71.777	0.19001
10.5	71.738	0.18991
10.555	71.769	0.18952
10.61	71.743	0.18944
10.665	71.776	0.1891
10.721	71.797	0.18911
10.776	71.807	0.1892
10.831	71.823	0.18902
10.886	71.822	0.18894
10.942	71.807	0.18912
10.997	71.816	0.18908
11.052	71.844	0.18897
11.107	71.826	0.18884
11.163	71.847	0.18847
11.218	71.851	0.18859
11.273	71.833	0.1885
11.328	71.843	0.18844
11.384	71.868	0.18845
11.439	71.857	0.1887
11.494	71.808	0.18905
11.55	71.835	0.1888
11.605	71.846	0.1887
11.66	71.908	0.18866
11.715	71.907	0.18874
11.771	71.886	0.18938
11.826	71.886	0.18928
11.881	71.883	0.18947
11.936	71.924	0.18897
11.992	71.88	0.18926
12.047	71.896	0.18914
12.102	71.921	0.18939
12.157	71.929	0.18929
12.213	71.938	0.1896
12.268	71.912	0.18942
12.323	71.95	0.18941
12.378	71.96	0.18937
12.434	71.976	0.18935
12.489	71.958	0.18962
12.544	71.971	0.18973
12.599	71.937	0.18991
12.655	71.973	0.18976
12.71	72.007	0.18975
12.765	72.016	0.18989
12.821	72.017	0.1899
12.876	72.031	0.19014
12.931	72.048	0.19003
12.986	72.049	0.19001
13.042	72.038	0.19023
13.097	72.072	0.19004
13.152	72.073	0.18992
13.207	72.059	0.19029
13.263	72.061	0.1904
13.318	72.036	0.19076
13.373	72.049	0.191
13.428	72.074	0.19075
13.484	72.05	0.1911
13.539	72.033	0.19097
13.594	72.049	0.19065
13.649	72.05	0.19064
13.705	72.048	0.19077
13.76	72.013	0.19083
13.815	71.999	0.19101
13.87	72.001	0.19108
13.926	72.015	0.19091
13.981	72.012	0.19073
14.036	71.991	0.19104
14.092	72.009	0.19083
14.147	72.002	0.19081
14.202	71.983	0.19062
14.257	71.973	0.19049
14.313	71.981	0.19023
14.368	71.993	0.19021
14.423	72.007	0.19013
14.478	71.964	0.18996
14.534	71.965	0.18972
14.589	71.976	0.1898
14.644	71.942	0.18969
14.699	71.939	0.18965
14.755	71.856	0.19009
14.81	71.827	0.19017
14.865	71.841	0.1899
14.92	71.851	0.18982
14.976	71.836	0.18973
15.031	71.816	0.18978
15.086	71.8	0.18954
15.141	71.767	0.18947
15.197	71.722	0.18944
15.252	71.75	0.18947
15.307	71.72	0.1894
15.363	71.731	0.1893
15.418	71.7	0.18953
15.473	71.67	0.18983
15.528	71.677	0.1901
15.584	71.648	0.19055
15.639	71.652	0.19086
15.694	71.686	0.19023
15.749	71.641	0.19008
15.805	71.601	0.19028
15.86	71.642	0.19005
15.915	71.598	0.1899
15.97	71.625	0.18968
16.026	71.63	0.18958
16.081	71.624	0.18937
16.136	71.635	0.18906
16.191	71.637	0.18881
16.247	71.641	0.18839
16.302	71.609	0.18814
16.357	71.661	0.18782
16.412	71.662	0.18791
16.468	71.618	0.18783
16.523	71.623	0.18777
16.578	71.598	0.18756
16.634	71.605	0.18737
16.689	71.604	0.18727
16.744	71.594	0.18725
16.799	71.572	0.18711
16.855	71.584	0.18677
16.91	71.559	0.18635
16.965	71.554	0.18606
17.02	71.552	0.18609
17.076	71.559	0.18606
17.131	71.535	0.18585
17.186	71.516	0.18543
17.241	71.508	0.18489
17.297	71.534	0.18467
17.352	71.539	0.18462
17.407	71.591	0.18453
17.462	71.565	0.18473
17.518	71.559	0.18453
17.573	71.563	0.18432
17.628	71.479	0.18493
17.683	71.451	0.18537
17.739	71.457	0.18517
17.794	71.421	0.18545
17.849	71.439	0.18545
17.905	71.464	0.1855
17.96	71.469	0.18565
18.015	71.456	0.18612
18.07	71.452	0.18667
18.126	71.481	0.18645
18.181	71.456	0.18686
18.236	71.477	0.18701
18.291	71.478	0.18707
18.347	71.457	0.187
18.402	71.45	0.18675
18.457	71.424	0.187
18.512	71.406	0.18703
18.568	71.409	0.18712
18.623	71.366	0.1872
18.678	71.371	0.18714
18.733	71.394	0.18701
18.789	71.354	0.18722
18.844	71.346	0.18737
18.899	71.348	0.1871
18.954	71.333	0.18704
19.01	71.34	0.18694
19.065	71.295	0.18703
19.12	71.284	0.18701
19.176	71.271	0.18689
19.231	71.302	0.18694
19.286	71.296	0.18691
19.341	71.257	0.18698
19.397	71.231	0.18706
19.452	71.249	0.18681
19.507	71.226	0.18695
19.562	71.211	0.18684
19.618	71.162	0.18706
19.673	71.144	0.18691
19.728	71.172	0.18674
19.783	71.126	0.18691
19.839	71.134	0.18675
19.894	71.125	0.18669
19.949	71.098	0.18677
20.004	71.081	0.18674
20.06	71.107	0.18653
20.115	71.07	0.18651
20.17	71.026	0.1867
20.225	71.03	0.18665
20.281	71.045	0.18671
20.336	71.017	0.18682
20.391	71.03	0.18688
20.447	70.994	0.18696
20.502	70.942	0.18718
20.557	70.954	0.18704
20.612	70.926	0.18723
20.668	70.934	0.18715
20.723	70.934	0.18709
20.778	70.895	0.18738
20.833	70.893	0.18738
20.889	70.93	0.18713
20.944	70.88	0.18739
20.999	70.875	0.18723
21.054	70.841	0.18772
21.11	70.849	0.18752
21.165	70.833	0.18788
21.22	70.849	0.18747
21.275	70.826	0.18771
21.331	70.804	0.18773
21.386	70.803	0.18784
21.441	70.808	0.18785
21.496	70.808	0.18789
21.552	70.784	0.18794
21.607	70.775	0.18788
21.662	70.777	0.18791
