Time	Fascicle Length R1_F1	Pennation Angle R1_F1	Fascicle Length R1_F2	Pennation Angle R1_F2	
0.056935	44.736	0.33583	41.583	0.32933
0.11387	48.802	0.29816	45.621	0.29447
0.1708	48.795	0.29795	45.615	0.29426
0.22774	48.792	0.29815	45.612	0.29446
0.28467	48.772	0.29762	45.593	0.29393
0.34161	48.799	0.2972	45.619	0.29352
0.39854	48.784	0.29718	45.603	0.2935
0.45548	48.793	0.29718	45.612	0.2935
0.51241	48.824	0.29702	45.64	0.29334
0.56935	48.839	0.29732	45.655	0.29364
0.62628	48.868	0.29706	45.682	0.29339
0.68322	48.86	0.29713	45.673	0.29346
0.74015	48.945	0.29636	45.752	0.29269
0.79708	48.929	0.29687	45.738	0.2932
0.85402	48.984	0.29676	45.788	0.29309
0.91095	48.984	0.29721	45.788	0.29355
0.96789	48.997	0.29711	45.799	0.29346
1.0248	49.02	0.29687	45.821	0.29321
1.0818	49.018	0.29776	45.819	0.29411
1.1387	49.075	0.29708	45.872	0.29342
1.1956	49.094	0.29762	45.89	0.29397
1.2526	49.055	0.29747	45.853	0.29382
1.3095	49.101	0.29738	45.896	0.29374
1.3664	49.057	0.29793	45.854	0.29428
1.4234	49.102	0.29745	45.896	0.2938
1.4803	49.053	0.29802	45.85	0.29437
1.5372	49.037	0.29775	45.835	0.2941
1.5942	49.07	0.29743	45.866	0.29379
1.6511	49.054	0.29756	45.851	0.29392
1.708	49.044	0.29791	45.841	0.29427
1.765	49.102	0.29791	45.895	0.29427
1.8219	49.093	0.29826	45.886	0.29461
1.8788	49.085	0.29846	45.878	0.29482
1.9358	49.089	0.29848	45.882	0.29483
1.9927	49.113	0.29842	45.904	0.29478
2.0496	49.095	0.29797	45.887	0.29434
2.1066	49.092	0.29756	45.884	0.29393
2.1635	49.1	0.29741	45.892	0.29378
2.2205	49.081	0.29753	45.874	0.29389
2.2774	49.086	0.29812	45.878	0.29448
2.3343	49.1	0.29831	45.891	0.29467
2.3913	49.134	0.29837	45.922	0.29473
2.4482	49.115	0.29872	45.904	0.29508
2.5051	49.114	0.29872	45.903	0.29508
2.5621	49.156	0.29869	45.942	0.29506
2.619	49.229	0.29865	46.01	0.29502
2.6759	49.212	0.29884	45.994	0.29521
2.7329	49.241	0.29896	46.02	0.29533
2.7898	49.286	0.29922	46.063	0.29559
2.8467	49.285	0.29927	46.061	0.29564
2.9037	49.337	0.29937	46.11	0.29575
2.9606	49.347	0.29952	46.118	0.29589
3.0175	49.389	0.29933	46.158	0.29571
3.0745	49.385	0.29957	46.153	0.29595
3.1314	49.422	0.29946	46.188	0.29584
3.1883	49.463	0.29943	46.226	0.29581
3.2453	49.495	0.29933	46.256	0.29571
3.3022	49.524	0.2992	46.283	0.29559
3.3591	49.519	0.29968	46.277	0.29607
3.4161	49.56	0.29932	46.316	0.29571
3.473	49.559	0.29952	46.315	0.29591
3.5299	49.593	0.29955	46.346	0.29594
3.5869	49.646	0.29933	46.395	0.29572
3.6438	49.671	0.29955	46.419	0.29595
3.7008	49.684	0.2996	46.431	0.296
3.7577	49.672	0.29964	46.419	0.29604
3.8146	49.712	0.29925	46.456	0.29565
3.8716	49.703	0.29972	46.448	0.29612
3.9285	49.748	0.29928	46.489	0.29569
3.9854	49.76	0.29934	46.5	0.29575
4.0424	49.807	0.29904	46.544	0.29545
4.0993	49.769	0.29965	46.508	0.29606
4.1562	49.831	0.29965	46.566	0.29606
4.2132	49.878	0.29963	46.609	0.29605
4.2701	49.882	0.29935	46.614	0.29576
4.327	49.894	0.29982	46.625	0.29623
4.384	49.924	0.29959	46.652	0.29601
4.4409	49.959	0.29945	46.685	0.29587
4.4978	49.954	0.29906	46.68	0.29548
4.5548	49.989	0.29921	46.712	0.29563
4.6117	49.985	0.2996	46.708	0.29603
4.6686	50.03	0.29968	46.75	0.29611
4.7256	50.081	0.29888	46.798	0.29532
4.7825	50.08	0.29918	46.796	0.29561
4.8394	50.102	0.29958	46.817	0.29601
4.8964	50.191	0.3	46.899	0.29644
4.9533	50.214	0.30078	46.92	0.29722
5.0102	50.263	0.30067	46.967	0.29711
5.0672	50.26	0.30027	46.963	0.29671
5.1241	50.3	0.30046	47	0.29691
5.1811	50.315	0.30047	47.015	0.29692
5.238	50.348	0.30048	47.045	0.29694
5.2949	50.403	0.2999	47.096	0.29636
5.3519	50.423	0.30063	47.115	0.29709
5.4088	50.419	0.30043	47.11	0.29689
5.4657	50.485	0.3005	47.172	0.29696
5.5227	50.554	0.30054	47.237	0.29701
5.5796	50.535	0.30144	47.218	0.2979
5.6365	50.621	0.3003	47.299	0.29677
5.6935	50.587	0.30119	47.266	0.29766
5.7504	50.668	0.29991	47.342	0.29639
5.8073	50.735	0.30019	47.404	0.29667
5.8643	50.757	0.30007	47.425	0.29655
5.9212	50.785	0.29969	47.45	0.29618
5.9781	50.768	0.30001	47.435	0.2965
6.0351	50.816	0.29996	47.479	0.29646
6.092	50.847	0.29955	47.508	0.29605
6.1489	50.888	0.29962	47.547	0.29612
6.2059	50.895	0.29976	47.553	0.29626
6.2628	50.969	0.2995	47.622	0.29601
6.3197	50.98	0.29939	47.631	0.2959
6.3767	51.03	0.29919	47.678	0.2957
6.4336	51.021	0.29971	47.669	0.29623
6.4905	51.07	0.2991	47.714	0.29562
6.5475	51.099	0.29916	47.741	0.29568
6.6044	51.14	0.29898	47.78	0.29551
6.6614	51.172	0.29881	47.809	0.29534
6.7183	51.164	0.29932	47.801	0.29585
6.7752	51.227	0.29867	47.86	0.29521
6.8322	51.21	0.29916	47.844	0.2957
6.8891	51.224	0.29877	47.857	0.29531
6.946	51.227	0.29859	47.86	0.29513
7.003	51.16	0.29928	47.797	0.29581
7.0599	51.295	0.29814	47.922	0.29469
7.1168	51.309	0.29823	47.936	0.29478
7.1738	51.342	0.29806	47.967	0.29461
7.2307	51.388	0.29737	48.009	0.29392
7.2876	51.415	0.2972	48.035	0.29376
7.3446	51.443	0.29751	48.061	0.29408
7.4015	51.444	0.29782	48.062	0.29438
7.4584	51.492	0.29758	48.105	0.29415
7.5154	51.535	0.2968	48.146	0.29338
7.5723	51.55	0.29686	48.159	0.29344
7.6292	51.617	0.29653	48.222	0.29311
7.6862	51.635	0.29658	48.239	0.29316
7.7431	51.704	0.29591	48.302	0.2925
7.8	51.732	0.29593	48.328	0.29252
7.857	51.796	0.29551	48.389	0.29211
7.9139	51.801	0.29586	48.392	0.29246
7.9708	51.87	0.29581	48.457	0.29241
8.0278	51.932	0.29582	48.514	0.29243
8.0847	51.933	0.29651	48.515	0.29311
8.1417	51.992	0.29531	48.571	0.29192
8.1986	52.052	0.29506	48.626	0.29168
8.2555	52.052	0.29568	48.626	0.2923
8.3125	52.106	0.29554	48.676	0.29216
8.3694	52.16	0.29521	48.727	0.29184
8.4263	52.19	0.29505	48.754	0.29168
8.4833	52.176	0.295	48.741	0.29162
8.5402	52.242	0.2944	48.802	0.29104
8.5971	52.286	0.29444	48.843	0.29108
8.6541	52.286	0.29433	48.844	0.29097
8.711	52.283	0.29407	48.84	0.29071
8.7679	52.333	0.29388	48.887	0.29052
8.8249	52.325	0.29444	48.879	0.29108
8.8818	52.36	0.29365	48.912	0.2903
8.9387	52.353	0.2938	48.905	0.29044
8.9957	52.391	0.2934	48.941	0.29005
9.0526	52.362	0.29374	48.914	0.29039
9.1095	52.378	0.29353	48.928	0.29018
9.1665	52.402	0.29308	48.951	0.28974
9.2234	52.472	0.29327	49.016	0.28993
9.2803	52.5	0.29337	49.042	0.29003
9.3373	52.461	0.29321	49.006	0.28987
9.3942	52.495	0.29292	49.038	0.28958
9.4512	52.521	0.29303	49.062	0.2897
9.5081	52.541	0.29264	49.08	0.28931
9.565	52.569	0.29235	49.106	0.28902
9.622	52.594	0.29215	49.129	0.28882
9.6789	52.59	0.29264	49.126	0.28932
9.7358	52.596	0.29255	49.13	0.28923
9.7928	52.635	0.2924	49.167	0.28908
9.8497	52.655	0.29247	49.185	0.28916
9.9066	52.695	0.29222	49.223	0.28891
9.9636	52.734	0.29249	49.258	0.28918
10.02	52.768	0.29186	49.291	0.28855
10.077	52.805	0.29209	49.325	0.28879
10.134	52.826	0.29217	49.344	0.28887
10.191	52.871	0.29177	49.386	0.28848
10.248	52.902	0.29171	49.415	0.28841
10.305	52.878	0.29184	49.393	0.28854
10.362	52.918	0.2918	49.43	0.2885
10.419	52.989	0.29133	49.497	0.28804
10.476	52.983	0.2917	49.491	0.2884
10.533	53.004	0.29183	49.51	0.28854
10.59	53.02	0.29167	49.525	0.28838
10.647	53.053	0.29136	49.556	0.28807
10.704	53.068	0.29173	49.57	0.28844
10.761	53.078	0.29136	49.579	0.28807
10.818	53.126	0.29129	49.624	0.288
10.875	53.11	0.29152	49.608	0.28823
10.931	53.142	0.2912	49.638	0.28792
10.988	53.179	0.29105	49.672	0.28778
11.045	53.229	0.29046	49.719	0.28719
11.102	53.221	0.29084	49.712	0.28757
11.159	53.209	0.29161	49.7	0.28833
11.216	53.173	0.29232	49.667	0.28904
11.273	53.181	0.29247	49.674	0.28919
11.33	53.198	0.29275	49.69	0.28947
11.387	53.234	0.29283	49.723	0.28955
11.444	53.218	0.29324	49.708	0.28996
11.501	53.263	0.29338	49.75	0.29011
11.558	53.241	0.29358	49.731	0.2903
11.615	53.183	0.2939	49.676	0.29062
11.672	53.256	0.29327	49.744	0.29
11.729	53.233	0.2939	49.722	0.29062
11.785	53.257	0.2943	49.745	0.29102
11.842	53.343	0.2939	49.825	0.29063
11.899	53.344	0.29461	49.826	0.29134
11.956	53.306	0.29503	49.79	0.29176
12.013	53.314	0.2952	49.798	0.29193
12.07	53.341	0.29467	49.823	0.2914
12.127	53.35	0.29525	49.831	0.29198
12.184	53.379	0.29573	49.858	0.29246
12.241	53.414	0.29557	49.89	0.2923
12.298	53.4	0.29588	49.878	0.29261
12.355	53.416	0.29616	49.893	0.29289
12.412	53.45	0.29652	49.924	0.29325
12.469	53.509	0.29629	49.979	0.29303
12.526	53.469	0.29646	49.942	0.29319
12.583	53.336	0.29718	49.818	0.29391
12.639	53.446	0.2969	49.92	0.29364
12.696	53.473	0.29654	49.945	0.29327
12.753	53.483	0.29656	49.955	0.2933
12.81	53.5	0.29632	49.97	0.29305
12.867	53.464	0.29681	49.937	0.29354
12.924	53.489	0.29684	49.959	0.29357
12.981	53.518	0.29674	49.987	0.29347
13.038	53.517	0.29697	49.986	0.29371
13.095	53.508	0.29653	49.978	0.29327
13.152	53.526	0.29677	49.994	0.29351
13.209	53.518	0.29646	49.987	0.2932
13.266	53.536	0.29658	50.003	0.29332
13.323	53.539	0.2971	50.007	0.29384
13.38	53.546	0.29687	50.013	0.29361
13.437	53.594	0.29648	50.058	0.29322
13.494	53.555	0.2968	50.021	0.29354
13.55	53.595	0.29674	50.059	0.29348
13.607	53.553	0.29714	50.02	0.29388
13.664	53.517	0.29773	49.986	0.29446
13.721	53.542	0.29762	50.009	0.29435
13.778	53.602	0.29673	50.065	0.29347
13.835	53.576	0.29681	50.041	0.29355
13.892	53.6	0.29634	50.064	0.29308
13.949	53.567	0.29597	50.033	0.29271
14.006	53.602	0.29579	50.065	0.29253
14.063	53.57	0.29604	50.035	0.29278
14.12	53.55	0.2959	50.017	0.29264
14.177	53.636	0.29474	50.097	0.29148
14.234	53.549	0.29527	50.016	0.29201
14.291	53.564	0.29509	50.03	0.29183
14.348	53.549	0.29508	50.016	0.29182
14.404	53.54	0.29493	50.008	0.29167
14.461	53.576	0.29449	50.041	0.29123
14.518	53.595	0.29443	50.059	0.29118
14.575	53.535	0.29473	50.003	0.29147
14.632	53.571	0.2942	50.037	0.29095
14.689	53.565	0.29392	50.031	0.29067
14.746	53.521	0.29409	49.991	0.29084
14.803	53.483	0.29374	49.956	0.29048
14.86	53.458	0.29383	49.932	0.29057
14.917	53.46	0.29348	49.934	0.29022
14.974	53.428	0.29345	49.904	0.29019
15.031	53.38	0.29381	49.859	0.29055
15.088	53.423	0.29299	49.9	0.28974
15.145	53.364	0.29346	49.844	0.2902
15.202	53.325	0.29365	49.809	0.29039
15.258	53.336	0.29328	49.818	0.29002
15.315	53.308	0.29322	49.793	0.28995
15.372	53.274	0.29307	49.761	0.2898
15.429	53.247	0.29285	49.736	0.28958
15.486	53.237	0.29272	49.727	0.28946
15.543	53.236	0.29245	49.726	0.28918
15.6	53.205	0.29258	49.698	0.28931
15.657	53.105	0.2928	49.604	0.28952
15.714	53.112	0.29262	49.611	0.28935
15.771	53.075	0.29269	49.576	0.28941
15.828	53.084	0.29249	49.585	0.28921
15.885	53.007	0.29356	49.512	0.29028
15.942	53.019	0.29298	49.524	0.2897
15.999	52.999	0.29329	49.505	0.29001
16.056	52.983	0.29363	49.49	0.29035
16.113	52.973	0.29308	49.481	0.28979
16.169	52.919	0.29365	49.431	0.29036
16.226	52.906	0.29372	49.419	0.29043
16.283	52.889	0.29374	49.403	0.29045
16.34	52.873	0.29357	49.388	0.29028
16.397	52.855	0.29355	49.372	0.29026
16.454	52.835	0.29362	49.353	0.29033
16.511	52.791	0.29358	49.312	0.29029
16.568	52.766	0.29438	49.289	0.29108
16.625	52.736	0.2937	49.261	0.2904
16.682	52.701	0.29413	49.229	0.29083
16.739	52.682	0.29349	49.211	0.29019
16.796	52.687	0.29335	49.216	0.29005
16.853	52.653	0.29328	49.184	0.28998
16.91	52.63	0.29353	49.163	0.29023
16.967	52.578	0.2941	49.115	0.2908
17.023	52.533	0.29396	49.073	0.29065
17.08	52.465	0.29434	49.01	0.29103
17.137	52.481	0.29402	49.025	0.2907
17.194	52.431	0.29395	48.978	0.29063
17.251	52.378	0.29441	48.929	0.29109
17.308	52.389	0.29431	48.94	0.29099
17.365	52.326	0.29496	48.881	0.29164
17.422	52.267	0.29472	48.826	0.29139
17.479	52.292	0.29454	48.849	0.29122
17.536	52.211	0.29502	48.774	0.29169
17.593	52.182	0.29492	48.747	0.29158
17.65	52.179	0.29476	48.745	0.29142
17.707	52.068	0.2956	48.641	0.29226
17.764	52.078	0.29528	48.651	0.29193
17.821	52.006	0.29586	48.584	0.29251
17.877	52.017	0.29554	48.594	0.29219
17.934	51.999	0.29598	48.577	0.29263
17.991	51.916	0.29681	48.5	0.29345
18.048	51.9	0.29627	48.485	0.29291
18.105	51.865	0.29661	48.452	0.29325
18.162	51.853	0.29628	48.442	0.29292
18.219	51.804	0.2965	48.396	0.29313
18.276	51.768	0.29662	48.363	0.29325
18.333	51.734	0.29678	48.331	0.29341
18.39	51.712	0.29705	48.311	0.29368
18.447	51.684	0.29704	48.285	0.29367
18.504	51.655	0.29698	48.258	0.2936
18.561	51.657	0.29686	48.26	0.29349
18.618	51.612	0.29688	48.218	0.2935
18.675	51.521	0.29813	48.134	0.29474
18.731	51.468	0.29825	48.085	0.29486
18.788	51.439	0.29836	48.058	0.29497
18.845	51.414	0.29884	48.035	0.29545
18.902	51.381	0.29788	48.004	0.29448
18.959	51.389	0.29743	48.011	0.29403
19.016	51.296	0.29782	47.925	0.29442
19.073	51.295	0.29839	47.924	0.29499
19.13	51.227	0.29798	47.862	0.29458
19.187	51.177	0.29827	47.815	0.29486
19.244	51.176	0.29817	47.814	0.29477
19.301	51.108	0.29834	47.751	0.29493
19.358	51.059	0.29849	47.706	0.29507
19.415	51.004	0.29877	47.654	0.29535
19.472	50.943	0.29965	47.598	0.29622
19.529	50.925	0.29998	47.581	0.29654
19.586	50.896	0.30004	47.555	0.2966
19.642	50.851	0.30021	47.513	0.29677
19.699	50.808	0.30037	47.473	0.29692
19.756	50.755	0.30034	47.424	0.29689
19.813	50.741	0.30045	47.411	0.297
19.87	50.678	0.3009	47.351	0.29745
19.927	50.665	0.30113	47.34	0.29767
19.984	50.602	0.30158	47.281	0.29811
20.041	50.558	0.30145	47.24	0.29797
20.098	50.521	0.30208	47.206	0.2986
20.155	50.465	0.30164	47.154	0.29816
20.212	50.423	0.30184	47.115	0.29835
20.269	50.4	0.30256	47.094	0.29906
20.326	50.263	0.3036	46.966	0.3001
20.383	50.32	0.30287	47.02	0.29937
20.44	50.212	0.30359	46.919	0.30008
20.496	50.17	0.3037	46.88	0.30018
20.553	50.186	0.30318	46.896	0.29967
20.61	50.136	0.30369	46.848	0.30017
20.667	50.038	0.3041	46.758	0.30057
20.724	50.044	0.30424	46.763	0.30071
20.781	49.995	0.3045	46.718	0.30096
20.838	49.917	0.30476	46.645	0.30121
20.895	49.871	0.30542	46.602	0.30187
20.952	49.835	0.30564	46.569	0.30209
21.009	49.809	0.30583	46.545	0.30227
21.066	49.788	0.30572	46.526	0.30217
21.123	49.726	0.30602	46.467	0.30246
21.18	49.713	0.30568	46.456	0.30212
21.237	49.671	0.30585	46.417	0.30228
21.294	49.597	0.30632	46.348	0.30274
21.35	49.576	0.3064	46.329	0.30281
21.407	49.5	0.30764	46.257	0.30404
21.464	49.48	0.30808	46.24	0.30448
21.521	49.413	0.30833	46.177	0.30473
21.578	49.418	0.30771	46.182	0.3041
21.635	49.376	0.30768	46.143	0.30408
21.692	49.421	0.30695	46.186	0.30335
21.749	49.37	0.30697	46.138	0.30336
21.806	49.301	0.3082	46.074	0.30458
21.863	49.336	0.30724	46.106	0.30363
21.92	49.275	0.30752	46.05	0.30391
21.977	49.241	0.30679	46.018	0.30317
22.034	49.271	0.30648	46.047	0.30287
