Time	Fascicle Length R1_F1	Pennation Angle R1_F1	Fascicle Length R1_F2	Pennation Angle R1_F2	Time	Fascicle Length R2_F1	Pennation Angle R2_F1	
0.051935	50.297	0.18649	49.439	0.17755	0.051935	38.402	0.57147
0.10387	50.303	0.18635	49.446	0.17742	0.10387	38.451	0.57034
0.1558	50.349	0.18625	49.49	0.17735	0.1558	38.462	0.56899
0.20774	50.412	0.18536	49.553	0.17648	0.20774	38.519	0.56856
0.25967	50.438	0.18526	49.577	0.17639	0.25967	38.553	0.56862
0.31161	50.442	0.18544	49.579	0.17657	0.31161	38.595	0.56746
0.36354	50.505	0.18556	49.639	0.17671	0.36354	38.621	0.56751
0.41548	50.53	0.18512	49.663	0.17629	0.41548	38.684	0.56861
0.46741	50.593	0.18465	49.724	0.17584	0.46741	38.699	0.56869
0.51935	50.538	0.18496	49.668	0.17612	0.51935	38.716	0.56868
0.57128	50.603	0.18461	49.732	0.17579	0.57128	38.693	0.568
0.62321	50.546	0.18473	49.674	0.17589	0.62321	38.697	0.56912
0.67515	50.579	0.18465	49.706	0.1758	0.67515	38.704	0.56942
0.72708	50.592	0.18498	49.718	0.17613	0.72708	38.705	0.56872
0.77902	50.63	0.1847	49.755	0.17587	0.77902	38.72	0.56882
0.83095	50.647	0.18424	49.771	0.17542	0.83095	38.764	0.56894
0.88289	50.649	0.1843	49.772	0.17549	0.88289	38.767	0.56716
0.93482	50.697	0.18405	49.818	0.17525	0.93482	38.749	0.56712
0.98676	50.727	0.18361	49.848	0.17483	0.98676	38.788	0.56673
1.0387	50.77	0.18316	49.89	0.1744	1.0387	38.825	0.56684
1.0906	50.765	0.18268	49.884	0.17393	1.0906	38.872	0.56676
1.1426	50.841	0.18293	49.958	0.1742	1.1426	38.872	0.56658
1.1945	50.875	0.18277	49.991	0.17403	1.1945	38.915	0.56567
1.2464	50.887	0.18328	50.001	0.17456	1.2464	38.897	0.56458
1.2984	50.895	0.18294	50.009	0.17422	1.2984	38.91	0.56427
1.3503	50.916	0.18315	50.027	0.17443	1.3503	38.921	0.56479
1.4022	51.008	0.18292	50.117	0.17422	1.4022	38.935	0.56355
1.4542	51.029	0.18277	50.138	0.17409	1.4542	38.961	0.56167
1.5061	51.029	0.18225	50.137	0.17359	1.5061	38.975	0.5615
1.558	51.092	0.18203	50.197	0.17339	1.558	38.995	0.56114
1.61	51.089	0.1817	50.194	0.17306	1.61	39.019	0.56168
1.6619	51.112	0.18149	50.215	0.17286	1.6619	39.007	0.56105
1.7138	51.128	0.18171	50.23	0.17307	1.7138	39.007	0.5602
1.7658	51.149	0.18162	50.249	0.17299	1.7658	39.016	0.56021
1.8177	51.143	0.18188	50.242	0.17326	1.8177	39.051	0.56001
1.8696	51.163	0.18138	50.262	0.17278	1.8696	39.06	0.56043
1.9216	51.185	0.18124	50.282	0.17266	1.9216	39.082	0.55958
1.9735	51.233	0.18067	50.328	0.1721	1.9735	39.114	0.55958
2.0254	51.265	0.18059	50.359	0.17203	2.0254	39.141	0.55916
2.0774	51.286	0.18079	50.378	0.17223	2.0774	39.165	0.55837
2.1293	51.281	0.18094	50.372	0.17238	2.1293	39.172	0.5584
2.1813	51.323	0.18108	50.412	0.17254	2.1813	39.185	0.55799
2.2332	51.371	0.18063	50.458	0.1721	2.2332	39.196	0.55772
2.2851	51.38	0.18036	50.466	0.17183	2.2851	39.244	0.5576
2.3371	51.452	0.18027	50.535	0.17176	2.3371	39.299	0.55678
2.389	51.482	0.1796	50.563	0.17112	2.389	39.357	0.55631
2.4409	51.516	0.17923	50.595	0.17075	2.4409	39.402	0.5567
2.4929	51.529	0.17951	50.607	0.17104	2.4929	39.402	0.55576
2.5448	51.538	0.17921	50.615	0.17076	2.5448	39.422	0.55597
2.5967	51.558	0.17891	50.633	0.17047	2.5967	39.444	0.55654
2.6487	51.56	0.17889	50.634	0.17045	2.6487	39.483	0.55652
2.7006	51.589	0.17896	50.662	0.17052	2.7006	39.504	0.55676
2.7525	51.589	0.17859	50.661	0.17015	2.7525	39.53	0.55693
2.8045	51.664	0.17875	50.732	0.17033	2.8045	39.55	0.55678
2.8564	51.715	0.17832	50.783	0.16992	2.8564	39.585	0.55597
2.9083	51.678	0.17813	50.746	0.16974	2.9083	39.599	0.5563
2.9603	51.73	0.17808	50.796	0.1697	2.9603	39.616	0.55522
3.0122	51.753	0.17802	50.818	0.16963	3.0122	39.633	0.55465
3.0641	51.815	0.17792	50.877	0.16955	3.0641	39.653	0.55417
3.1161	51.775	0.17812	50.838	0.16976	3.1161	39.678	0.55448
3.168	51.814	0.17775	50.875	0.1694	3.168	39.68	0.55417
3.2199	51.825	0.17785	50.886	0.1695	3.2199	39.68	0.55343
3.2719	51.816	0.17806	50.877	0.1697	3.2719	39.697	0.55258
3.3238	51.864	0.17815	50.923	0.1698	3.3238	39.699	0.55186
3.3757	51.826	0.17902	50.884	0.17064	3.3757	39.681	0.55173
3.4277	51.944	0.17849	51	0.17015	3.4277	39.725	0.55046
3.4796	51.906	0.17876	50.961	0.17042	3.4796	39.739	0.55091
3.5316	51.915	0.17848	50.969	0.17014	3.5316	39.762	0.55053
3.5835	51.954	0.17875	51.006	0.17042	3.5835	39.778	0.54998
3.6354	51.969	0.17842	51.019	0.1701	3.6354	39.813	0.54975
3.6874	52.051	0.17825	51.099	0.16995	3.6874	39.837	0.54999
3.7393	52.018	0.17813	51.066	0.16981	3.7393	39.858	0.54972
3.7912	52.085	0.17912	51.13	0.1708	3.7912	39.827	0.54804
3.8432	52.066	0.17875	51.11	0.17043	3.8432	39.841	0.54838
3.8951	52.098	0.17893	51.141	0.17062	3.8951	39.844	0.54745
3.947	52.147	0.17837	51.19	0.17007	3.947	39.856	0.54709
3.999	52.183	0.17902	51.223	0.17073	3.999	39.845	0.54611
4.0509	52.18	0.17892	51.22	0.17064	4.0509	39.847	0.54624
4.1028	52.224	0.1794	51.261	0.17111	4.1028	39.843	0.5448
4.1548	52.267	0.17977	51.303	0.17149	4.1548	39.84	0.54395
4.2067	52.296	0.17964	51.331	0.17138	4.2067	39.857	0.54311
4.2586	52.323	0.17942	51.357	0.17117	4.2586	39.864	0.54223
4.3106	52.328	0.17996	51.361	0.17171	4.3106	39.871	0.54088
4.3625	52.366	0.17983	51.397	0.1716	4.3625	39.886	0.54085
4.4144	52.4	0.17948	51.429	0.17124	4.4144	39.928	0.54108
4.4664	52.404	0.17945	51.432	0.17122	4.4664	39.957	0.54149
4.5183	52.447	0.17931	51.474	0.1711	4.5183	39.966	0.54131
4.5702	52.454	0.17959	51.479	0.17138	4.5702	39.986	0.54042
4.6222	52.507	0.1793	51.53	0.17109	4.6222	40.012	0.54041
4.6741	52.516	0.17946	51.538	0.17124	4.6741	40.03	0.53975
4.726	52.586	0.17957	51.607	0.17137	4.726	40.052	0.53912
4.778	52.575	0.17986	51.595	0.17166	4.778	40.055	0.53849
4.8299	52.644	0.1796	51.662	0.17142	4.8299	40.063	0.53749
4.8818	52.583	0.17957	51.601	0.17138	4.8818	40.114	0.53719
4.9338	52.672	0.17985	51.686	0.17167	4.9338	40.099	0.53719
4.9857	52.639	0.17999	51.654	0.1718	4.9857	40.113	0.53652
5.0377	52.721	0.18062	51.732	0.17244	5.0377	40.094	0.53551
5.0896	52.726	0.18038	51.737	0.17222	5.0896	40.122	0.53479
5.1415	52.756	0.1797	51.766	0.17156	5.1415	40.153	0.53516
5.1935	52.747	0.17885	51.756	0.17071	5.1935	40.2	0.53645
5.2454	52.785	0.17908	51.792	0.17096	5.2454	40.202	0.53611
5.2973	52.806	0.17901	51.811	0.17089	5.2973	40.223	0.53531
5.3493	52.838	0.17942	51.842	0.17131	5.3493	40.226	0.53418
5.4012	52.852	0.17931	51.854	0.1712	5.4012	40.255	0.53404
5.4531	52.896	0.17916	51.897	0.17106	5.4531	40.269	0.53409
5.5051	52.892	0.17903	51.892	0.17094	5.5051	40.284	0.53339
5.557	52.993	0.17878	51.991	0.17071	5.557	40.295	0.53297
5.6089	52.931	0.17864	51.93	0.17055	5.6089	40.358	0.53373
5.6609	53	0.1791	51.996	0.17101	5.6609	40.351	0.53259
5.7128	53.057	0.17951	52.051	0.17144	5.7128	40.345	0.5317
5.7647	53.044	0.17957	52.038	0.17151	5.7647	40.345	0.53139
5.8167	53.084	0.17935	52.077	0.1713	5.8167	40.388	0.53117
5.8686	53.098	0.17897	52.091	0.17093	5.8686	40.388	0.5306
5.9205	53.094	0.17909	52.087	0.17105	5.9205	40.409	0.52973
5.9725	53.134	0.17898	52.125	0.17094	5.9725	40.422	0.53002
6.0244	53.167	0.17925	52.157	0.17122	6.0244	40.432	0.52897
6.0763	53.181	0.17938	52.169	0.17136	6.0763	40.439	0.52855
6.1283	53.213	0.17946	52.2	0.17145	6.1283	40.43	0.52803
6.1802	53.212	0.17932	52.199	0.1713	6.1802	40.452	0.52799
6.2321	53.206	0.17961	52.191	0.17159	6.2321	40.456	0.52661
6.2841	53.291	0.17985	52.274	0.17185	6.2841	40.46	0.5259
6.336	53.283	0.17936	52.265	0.17137	6.336	40.503	0.52633
6.388	53.299	0.17919	52.281	0.17121	6.388	40.513	0.52604
6.4399	53.3	0.17911	52.281	0.17113	6.4399	40.533	0.526
6.4918	53.314	0.17913	52.294	0.17115	6.4918	40.542	0.5256
6.5438	53.356	0.17965	52.334	0.17167	6.5438	40.529	0.52459
6.5957	53.383	0.17942	52.359	0.17145	6.5957	40.566	0.52447
6.6476	53.374	0.17906	52.35	0.17108	6.6476	40.599	0.52492
6.6996	53.466	0.17945	52.439	0.17149	6.6996	40.62	0.52429
6.7515	53.476	0.17944	52.448	0.17149	6.7515	40.63	0.52363
6.8034	53.51	0.17908	52.481	0.17113	6.8034	40.643	0.5233
6.8554	53.514	0.17898	52.484	0.17103	6.8554	40.666	0.52351
6.9073	53.6	0.17872	52.567	0.17079	6.9073	40.7	0.5231
6.9592	53.577	0.17922	52.545	0.17128	6.9592	40.698	0.52245
7.0112	53.588	0.17978	52.554	0.17183	7.0112	40.672	0.52198
7.0631	53.595	0.17977	52.56	0.17183	7.0631	40.695	0.52175
7.115	53.595	0.17929	52.559	0.17134	7.115	40.697	0.52249
7.167	53.683	0.18024	52.644	0.1723	7.167	40.697	0.52093
7.2189	53.674	0.18028	52.635	0.17234	7.2189	40.706	0.52055
7.2708	53.673	0.18	52.634	0.17205	7.2708	40.73	0.52085
7.3228	53.715	0.18005	52.674	0.1721	7.3228	40.745	0.52086
7.3747	53.743	0.18032	52.701	0.17239	7.3747	40.756	0.52068
7.4266	53.735	0.1798	52.692	0.17188	7.4266	40.767	0.52058
7.4786	53.785	0.17965	52.741	0.17174	7.4786	40.786	0.52035
7.5305	53.785	0.17969	52.741	0.17178	7.5305	40.8	0.51977
7.5824	53.854	0.1801	52.806	0.17219	7.5824	40.803	0.51935
7.6344	53.838	0.18008	52.791	0.17216	7.6344	40.812	0.51868
7.6863	53.912	0.18046	52.863	0.17256	7.6863	40.818	0.51798
7.7382	53.842	0.18035	52.794	0.17244	7.7382	40.83	0.51854
7.7902	53.936	0.18033	52.885	0.17243	7.7902	40.841	0.51817
7.8421	53.932	0.1806	52.881	0.1727	7.8421	40.839	0.51772
7.8941	53.962	0.18073	52.91	0.17284	7.8941	40.849	0.51773
7.946	53.971	0.18028	52.917	0.17239	7.946	40.867	0.51806
7.9979	53.982	0.18038	52.929	0.17248	7.9979	40.887	0.51786
8.0499	54.015	0.18059	52.959	0.17269	8.0499	40.892	0.51787
8.1018	54.011	0.1809	52.956	0.173	8.1018	40.885	0.51717
8.1537	54.038	0.18077	52.981	0.17289	8.1537	40.888	0.51711
8.2057	54.095	0.1806	53.036	0.17272	8.2057	40.909	0.51704
8.2576	54.078	0.18106	53.019	0.17318	8.2576	40.911	0.51613
8.3095	54.137	0.18047	53.076	0.17259	8.3095	40.944	0.517
8.3615	54.115	0.18036	53.054	0.17249	8.3615	40.957	0.51671
8.4134	54.183	0.18113	53.12	0.17326	8.4134	40.937	0.51515
8.4653	54.186	0.18144	53.121	0.17357	8.4653	40.943	0.51476
8.5173	54.264	0.18127	53.197	0.17342	8.5173	40.976	0.51437
8.5692	54.236	0.18139	53.17	0.17353	8.5692	40.996	0.51428
8.6211	54.273	0.18117	53.205	0.17332	8.6211	41.017	0.51476
8.6731	54.289	0.18076	53.22	0.1729	8.6731	41.039	0.51515
8.725	54.324	0.18154	53.253	0.17369	8.725	41.045	0.51456
8.7769	54.357	0.18178	53.286	0.17393	8.7769	41.049	0.51409
8.8289	54.377	0.18165	53.304	0.17381	8.8289	41.048	0.5139
8.8808	54.384	0.18158	53.311	0.17374	8.8808	41.064	0.51385
8.9327	54.395	0.1817	53.321	0.17386	8.9327	41.076	0.51397
8.9847	54.43	0.18215	53.354	0.1743	8.9847	41.086	0.51346
9.0366	54.498	0.18199	53.42	0.17416	9.0366	41.108	0.51326
9.0885	54.47	0.18188	53.391	0.17404	9.0885	41.135	0.51349
9.1405	54.521	0.18198	53.44	0.17415	9.1405	41.132	0.51276
9.1924	54.544	0.18208	53.463	0.17426	9.1924	41.15	0.51225
9.2444	54.564	0.18186	53.481	0.17403	9.2444	41.169	0.51244
9.2963	54.585	0.18224	53.501	0.17442	9.2963	41.161	0.51204
9.3482	54.625	0.18196	53.54	0.17414	9.3482	41.194	0.51187
9.4002	54.684	0.18141	53.597	0.17361	9.4002	41.242	0.51235
9.4521	54.666	0.18154	53.579	0.17373	9.4521	41.255	0.51234
9.504	54.727	0.18187	53.637	0.17406	9.504	41.261	0.51195
9.556	54.798	0.18182	53.706	0.17403	9.556	41.269	0.51151
9.6079	54.756	0.18118	53.665	0.17339	9.6079	41.292	0.51228
9.6598	54.856	0.18138	53.763	0.17361	9.6598	41.304	0.51146
9.7118	54.843	0.1811	53.75	0.17334	9.7118	41.34	0.51172
9.7637	54.858	0.18144	53.763	0.17368	9.7637	41.33	0.51115
9.8156	54.912	0.1813	53.815	0.17355	9.8156	41.343	0.51099
9.8676	54.914	0.18168	53.816	0.17392	9.8676	41.342	0.51059
9.9195	54.933	0.18162	53.835	0.17386	9.9195	41.364	0.51023
9.9714	54.987	0.18151	53.886	0.17376	9.9714	41.392	0.51013
10.023	55.009	0.18156	53.907	0.17381	10.023	41.403	0.50995
10.075	55.107	0.18156	54.002	0.17382	10.075	41.431	0.51002
10.127	55.052	0.1812	53.949	0.17346	10.127	41.466	0.51063
10.179	55.101	0.18142	53.995	0.1737	10.179	41.457	0.51002
10.231	55.14	0.18126	54.033	0.17354	10.231	41.485	0.50961
10.283	55.18	0.18079	54.071	0.17309	10.283	41.518	0.50994
10.335	55.223	0.18065	54.112	0.17296	10.335	41.547	0.50959
10.387	55.258	0.18104	54.144	0.17336	10.387	41.577	0.50898
10.439	55.335	0.18035	54.218	0.17269	10.439	41.623	0.50899
10.491	55.396	0.18037	54.277	0.17273	10.491	41.637	0.50857
10.543	55.415	0.17967	54.295	0.17203	10.543	41.694	0.5095
10.595	55.493	0.17947	54.37	0.17184	10.595	41.719	0.5092
10.647	55.507	0.18007	54.383	0.17244	10.647	41.728	0.50833
10.699	55.517	0.17999	54.393	0.17236	10.699	41.732	0.50765
10.75	55.566	0.18043	54.439	0.17281	10.75	41.753	0.50726
10.802	55.579	0.17961	54.452	0.17199	10.802	41.8	0.5081
10.854	55.562	0.18035	54.435	0.17271	10.854	41.8	0.50772
10.906	55.607	0.18083	54.477	0.17319	10.906	41.812	0.50711
10.958	55.627	0.18075	54.495	0.17312	10.958	41.836	0.50752
11.01	55.699	0.18023	54.565	0.17262	11.01	41.858	0.50758
11.062	55.748	0.1804	54.613	0.17281	11.062	41.863	0.50699
11.114	55.733	0.18027	54.597	0.17268	11.114	41.867	0.50732
11.166	55.818	0.17994	54.68	0.17237	11.166	41.886	0.50697
11.218	55.788	0.18068	54.65	0.17308	11.218	41.884	0.50696
11.27	55.839	0.18047	54.699	0.17288	11.27	41.885	0.50648
11.322	55.854	0.18087	54.713	0.1733	11.322	41.867	0.50602
11.374	55.881	0.18066	54.739	0.17309	11.374	41.873	0.50601
11.426	55.92	0.18083	54.776	0.17327	11.426	41.873	0.50542
11.478	55.905	0.18087	54.762	0.1733	11.478	41.881	0.50517
11.529	55.976	0.18058	54.83	0.17303	11.529	41.928	0.50525
11.581	55.972	0.1803	54.826	0.17275	11.581	41.969	0.5054
11.633	56.029	0.18018	54.881	0.17265	11.633	42.006	0.50573
11.685	56.07	0.17932	54.92	0.17181	11.685	42.045	0.5068
11.737	56.143	0.1791	54.991	0.1716	11.737	42.078	0.50644
11.789	56.143	0.17879	54.991	0.1713	11.789	42.113	0.50667
11.841	56.17	0.17886	55.016	0.17136	11.841	42.122	0.50629
11.893	56.193	0.17855	55.038	0.17105	11.893	42.151	0.50629
11.945	56.232	0.17872	55.076	0.17123	11.945	42.151	0.50564
11.997	56.221	0.17867	55.065	0.17119	11.997	42.146	0.50606
12.049	56.265	0.17858	55.107	0.17111	12.049	42.141	0.50587
12.101	56.241	0.17859	55.084	0.17112	12.101	42.138	0.50542
12.153	56.249	0.17834	55.092	0.17087	12.153	42.146	0.50524
12.205	56.272	0.17865	55.114	0.17118	12.205	42.15	0.50445
12.257	56.257	0.17853	55.099	0.17107	12.257	42.136	0.50487
12.308	56.297	0.1781	55.139	0.17065	12.308	42.151	0.50494
12.36	56.24	0.17831	55.084	0.17084	12.36	42.138	0.50534
12.412	56.275	0.17828	55.117	0.17082	12.412	42.152	0.50554
12.464	56.273	0.17787	55.115	0.17041	12.464	42.155	0.50577
12.516	56.266	0.1783	55.109	0.17084	12.516	42.147	0.50531
12.568	56.271	0.1784	55.113	0.17093	12.568	42.145	0.50538
12.62	56.288	0.17836	55.13	0.1709	12.62	42.152	0.50503
12.672	56.267	0.17826	55.11	0.17081	12.672	42.145	0.50506
12.724	56.276	0.17814	55.119	0.1707	12.724	42.162	0.50478
12.776	56.267	0.17827	55.109	0.17082	12.776	42.16	0.5046
12.828	56.237	0.17849	55.08	0.17103	12.828	42.141	0.50437
12.88	56.257	0.17783	55.101	0.17039	12.88	42.161	0.50505
12.932	56.229	0.17773	55.073	0.17028	12.932	42.169	0.50584
12.984	56.184	0.17837	55.029	0.1709	12.984	42.14	0.50587
13.036	56.229	0.17803	55.074	0.17057	13.036	42.15	0.50558
13.088	56.168	0.17825	55.015	0.17079	13.088	42.124	0.50556
13.139	56.181	0.17763	55.028	0.17019	13.139	42.139	0.5058
13.191	56.127	0.17728	54.977	0.16984	13.191	42.157	0.50661
13.243	56.099	0.17727	54.949	0.16982	13.243	42.148	0.50689
13.295	56.094	0.17715	54.946	0.1697	13.295	42.143	0.50688
13.347	56.042	0.17776	54.895	0.1703	13.347	42.109	0.50587
13.399	56.04	0.17758	54.894	0.17013	13.399	42.096	0.50608
13.451	55.983	0.177	54.839	0.16954	13.451	42.09	0.50734
13.503	55.959	0.17691	54.816	0.16945	13.503	42.086	0.50754
13.555	55.948	0.17721	54.807	0.16975	13.555	42.066	0.50727
13.607	55.913	0.17721	54.773	0.16974	13.607	42.053	0.50751
13.659	55.889	0.17735	54.75	0.16988	13.659	42.046	0.50757
13.711	55.871	0.1771	54.733	0.16962	13.711	42.037	0.50767
13.763	55.825	0.17743	54.688	0.16995	13.763	42.004	0.50721
13.815	55.788	0.17768	54.653	0.17018	13.815	41.977	0.50756
13.867	55.778	0.17809	54.645	0.17059	13.867	41.969	0.50708
13.918	55.691	0.17813	54.56	0.17062	13.918	41.951	0.50755
13.97	55.717	0.17724	54.587	0.16975	13.97	41.969	0.50783
14.022	55.657	0.17714	54.528	0.16964	14.022	41.958	0.50888
14.074	55.636	0.17706	54.509	0.16955	14.074	41.951	0.50923
14.126	55.624	0.17742	54.497	0.16991	14.126	41.92	0.5087
14.178	55.556	0.17708	54.431	0.16956	14.178	41.915	0.50904
14.23	55.563	0.17693	54.439	0.16941	14.23	41.901	0.50834
14.282	55.473	0.17724	54.352	0.16971	14.282	41.887	0.50909
14.334	55.485	0.17742	54.364	0.16989	14.334	41.857	0.50938
14.386	55.492	0.17724	54.372	0.16971	14.386	41.855	0.50941
14.438	55.42	0.17714	54.302	0.1696	14.438	41.833	0.50921
14.49	55.417	0.17762	54.3	0.17008	14.49	41.804	0.50885
14.542	55.386	0.17738	54.271	0.16984	14.542	41.797	0.50908
14.594	55.326	0.17715	54.213	0.16961	14.594	41.786	0.50967
14.646	55.295	0.17654	54.184	0.16899	14.646	41.784	0.51054
14.697	55.257	0.17691	54.147	0.16935	14.697	41.762	0.50999
14.749	55.239	0.17776	54.13	0.17018	14.749	41.747	0.50936
14.801	55.214	0.1781	54.106	0.17052	14.801	41.723	0.5086
14.853	55.165	0.17742	54.059	0.16985	14.853	41.741	0.50997
14.905	55.143	0.17635	54.039	0.16879	14.905	41.744	0.51092
14.957	55.142	0.17607	54.039	0.16851	14.957	41.751	0.51112
15.009	55.106	0.17626	54.004	0.16869	15.009	41.737	0.51103
15.061	55.086	0.17614	53.985	0.16857	15.061	41.722	0.5118
15.113	55.029	0.17621	53.931	0.16863	15.113	41.695	0.51183
15.165	55.045	0.17648	53.947	0.16891	15.165	41.677	0.51112
15.217	54.99	0.17634	53.894	0.16875	15.217	41.675	0.51163
15.269	54.967	0.17665	53.871	0.16906	15.269	41.657	0.51128
15.321	54.965	0.17678	53.871	0.16919	15.321	41.639	0.51094
15.373	54.905	0.17639	53.813	0.16879	15.373	41.625	0.51166
15.425	54.912	0.17614	53.821	0.16855	15.425	41.621	0.51136
15.476	54.913	0.17599	53.822	0.1684	15.476	41.64	0.51147
15.528	54.88	0.17616	53.79	0.16855	15.528	41.629	0.51167
15.58	54.831	0.1764	53.743	0.16879	15.58	41.605	0.51166
15.632	54.829	0.17621	53.741	0.1686	15.632	41.608	0.51174
15.684	54.791	0.17597	53.705	0.16834	15.684	41.59	0.512
15.736	54.758	0.17714	53.673	0.1695	15.736	41.526	0.51112
15.788	54.722	0.1771	53.64	0.16945	15.788	41.512	0.51134
15.84	54.699	0.17724	53.618	0.1696	15.84	41.504	0.51125
15.892	54.637	0.17649	53.558	0.16884	15.892	41.525	0.51243
15.944	54.639	0.17715	53.56	0.16948	15.944	41.498	0.51184
15.996	54.637	0.17808	53.558	0.1704	15.996	41.461	0.51149
16.048	54.571	0.17791	53.495	0.17022	16.048	41.451	0.51177
16.1	54.543	0.1773	53.468	0.16961	16.1	41.448	0.51191
16.152	54.496	0.17712	53.423	0.16943	16.152	41.435	0.51239
16.204	54.506	0.17742	53.433	0.16973	16.204	41.43	0.51205
16.256	54.484	0.17735	53.413	0.16965	16.256	41.43	0.51244
16.307	54.462	0.17719	53.392	0.1695	16.307	41.426	0.51239
16.359	54.444	0.17686	53.375	0.16916	16.359	41.422	0.51266
16.411	54.42	0.17729	53.352	0.16959	16.411	41.415	0.51229
16.463	54.423	0.17619	53.355	0.16849	16.463	41.424	0.51329
16.515	54.418	0.17624	53.35	0.16853	16.515	41.434	0.51374
16.567	54.397	0.17606	53.331	0.16835	16.567	41.423	0.51383
16.619	54.363	0.17635	53.298	0.16863	16.619	41.392	0.51401
16.671	54.326	0.17595	53.264	0.16822	16.671	41.373	0.51492
16.723	54.336	0.17617	53.274	0.16845	16.723	41.374	0.51427
16.775	54.272	0.17596	53.212	0.16823	16.775	41.379	0.51533
16.827	54.282	0.17584	53.222	0.1681	16.827	41.36	0.51576
16.879	54.256	0.1758	53.197	0.16806	16.879	41.352	0.51566
16.931	54.254	0.17526	53.196	0.16753	16.931	41.356	0.51576
16.983	54.209	0.17552	53.152	0.16778	16.983	41.36	0.51601
17.035	54.218	0.17518	53.162	0.16743	17.035	41.344	0.51648
17.086	54.185	0.1756	53.13	0.16784	17.086	41.331	0.51615
17.138	54.14	0.17522	53.088	0.16745	17.138	41.275	0.51578
17.19	54.138	0.17563	53.086	0.16786	17.19	41.241	0.51509
17.242	54.151	0.17509	53.099	0.16732	17.242	41.232	0.51652
17.294	54.109	0.17486	53.06	0.16709	17.294	41.255	0.51669
17.346	54.094	0.17477	53.045	0.167	17.346	41.239	0.51729
17.398	54.079	0.17509	53.031	0.16731	17.398	41.228	0.518
17.45	54.056	0.17457	53.01	0.16679	17.45	41.242	0.51891
17.502	54.029	0.1746	52.985	0.16682	17.502	41.209	0.51841
17.554	54.028	0.17435	52.985	0.16657	17.554	41.208	0.51786
17.606	53.977	0.17427	52.935	0.16648	17.606	41.199	0.51902
17.658	54.033	0.17445	52.991	0.16667	17.658	41.176	0.51861
17.71	53.979	0.17518	52.939	0.16738	17.71	41.136	0.51794
17.762	53.974	0.17484	52.934	0.16704	17.762	41.11	0.518
17.814	53.958	0.17521	52.92	0.16741	17.814	41.092	0.51744
17.865	53.923	0.17456	52.886	0.16676	17.865	41.09	0.51756
17.917	53.925	0.17499	52.889	0.16717	17.917	41.044	0.51733
17.969	53.895	0.17529	52.861	0.16747	17.969	41.029	0.51738
18.021	53.88	0.17445	52.846	0.16663	18.021	41.047	0.51937
18.073	53.848	0.17404	52.816	0.16621	18.073	41.053	0.51912
18.125	53.835	0.1743	52.804	0.16646	18.125	41.024	0.51896
18.177	53.784	0.17459	52.755	0.16672	18.177	40.992	0.5197
18.229	53.825	0.17478	52.795	0.16692	18.229	40.991	0.51994
18.281	53.785	0.17443	52.757	0.16658	18.281	40.98	0.52014
18.333	53.756	0.17374	52.73	0.16589	18.333	40.957	0.52004
18.385	53.744	0.1739	52.72	0.16603	18.385	40.925	0.51987
18.437	53.693	0.17479	52.671	0.1669	18.437	40.902	0.51887
18.489	53.704	0.17525	52.681	0.16736	18.489	40.898	0.51929
18.541	53.681	0.17459	52.66	0.16671	18.541	40.931	0.51985
18.593	53.687	0.17489	52.666	0.16701	18.593	40.901	0.52048
18.645	53.666	0.17452	52.646	0.16663	18.645	40.934	0.52074
18.696	53.648	0.17448	52.63	0.16658	18.696	40.91	0.52017
18.748	53.634	0.17439	52.617	0.16649	18.748	40.889	0.52067
18.8	53.63	0.17445	52.614	0.16655	18.8	40.893	0.52141
18.852	53.602	0.17441	52.588	0.1665	18.852	40.882	0.5213
18.904	53.59	0.17457	52.576	0.16665	18.904	40.847	0.52102
18.956	53.588	0.17398	52.576	0.16607	18.956	40.838	0.52127
19.008	53.531	0.17363	52.52	0.16571	19.008	40.869	0.52298
19.06	53.564	0.17304	52.554	0.16511	19.06	40.903	0.52356
19.112	53.543	0.1743	52.534	0.16634	19.112	40.88	0.52226
19.164	53.538	0.17433	52.53	0.16638	19.164	40.862	0.52182
19.216	53.517	0.17372	52.511	0.16578	19.216	40.859	0.52283
19.268	53.476	0.17393	52.472	0.16597	19.268	40.822	0.52346
19.32	53.45	0.17413	52.447	0.16617	19.32	40.794	0.5228
19.372	53.463	0.17415	52.46	0.16618	19.372	40.818	0.52308
19.424	53.424	0.17415	52.422	0.16618	19.424	40.82	0.5235
19.475	53.424	0.17418	52.424	0.16621	19.475	40.811	0.52351
19.527	53.392	0.17352	52.393	0.16554	19.527	40.812	0.52473
19.579	53.411	0.17376	52.412	0.16578	19.579	40.794	0.52446
19.631	53.406	0.17371	52.408	0.16573	19.631	40.79	0.52454
19.683	53.382	0.17383	52.386	0.16584	19.683	40.793	0.52474
19.735	53.378	0.17398	52.382	0.16598	19.735	40.779	0.52437
19.787	53.369	0.17456	52.374	0.16655	19.787	40.759	0.52414
19.839	53.37	0.17464	52.376	0.16663	19.839	40.746	0.52365
19.891	53.345	0.1741	52.352	0.16609	19.891	40.745	0.5242
19.943	53.316	0.17401	52.325	0.16599	19.943	40.736	0.52551
19.995	53.314	0.17351	52.324	0.16549	19.995	40.73	0.5259
20.047	53.289	0.17358	52.3	0.16556	20.047	40.715	0.52586
20.099	53.296	0.17354	52.309	0.16552	20.099	40.689	0.52555
20.151	53.261	0.17359	52.275	0.16555	20.151	40.648	0.52573
20.203	53.274	0.17429	52.289	0.16625	20.203	40.621	0.52481
20.254	53.24	0.17374	52.257	0.1657	20.254	40.631	0.5262
20.306	53.248	0.17327	52.265	0.16524	20.306	40.625	0.52729
20.358	53.232	0.17274	52.25	0.1647	20.358	40.63	0.52813
