Time	Fascicle Length R1_F1	Pennation Angle R1_F1	Fascicle Length R1_F2	Pennation Angle R1_F2	
0.056912	66.198	0.19928	64.105	0.18766
0.11382	66.23	0.19842	64.135	0.18681
0.17074	66.223	0.19815	64.127	0.18653
0.22765	66.226	0.19927	64.127	0.18764
0.28456	66.245	0.19894	64.144	0.18732
0.34147	66.238	0.19836	64.137	0.18675
0.39838	66.224	0.19847	64.121	0.18685
0.4553	66.179	0.19875	64.075	0.18712
0.51221	66.27	0.19849	64.162	0.18687
0.56912	66.272	0.19877	64.162	0.18715
0.62603	66.246	0.19881	64.135	0.1872
0.68294	66.299	0.19885	64.186	0.18726
0.73986	66.204	0.19867	64.093	0.18707
0.79677	66.295	0.19799	64.181	0.18641
0.85368	66.327	0.19848	64.211	0.18691
0.91059	66.318	0.19882	64.201	0.18725
0.9675	66.322	0.19861	64.205	0.18706
1.0244	66.393	0.19902	64.274	0.18748
1.0813	66.365	0.19884	64.246	0.18728
1.1382	66.396	0.19923	64.275	0.18767
1.1952	66.38	0.19977	64.259	0.18821
1.2521	66.353	0.19905	64.233	0.1875
1.309	66.342	0.19848	64.222	0.18693
1.3659	66.313	0.19823	64.192	0.18668
1.4228	66.391	0.19851	64.268	0.18698
1.4797	66.37	0.19883	64.246	0.1873
1.5366	66.415	0.1984	64.29	0.18688
1.5935	66.412	0.19786	64.285	0.18636
1.6504	66.362	0.19753	64.237	0.18602
1.7074	66.384	0.19734	64.258	0.18583
1.7643	66.42	0.19749	64.292	0.18598
1.8212	66.403	0.19737	64.275	0.18587
1.8781	66.385	0.19812	64.255	0.18661
1.935	66.382	0.19738	64.252	0.18588
1.9919	66.407	0.19757	64.275	0.18608
2.0488	66.366	0.19724	64.233	0.18574
2.1057	66.382	0.19775	64.249	0.18624
2.1627	66.413	0.19801	64.277	0.18652
2.2196	66.395	0.19767	64.26	0.18617
2.2765	66.346	0.19718	64.212	0.18568
2.3334	66.383	0.19794	64.246	0.18644
2.3903	66.342	0.1984	64.206	0.18689
2.4472	66.38	0.19756	64.243	0.18607
2.5041	66.335	0.19748	64.199	0.18598
2.561	66.331	0.19763	64.195	0.18612
2.618	66.361	0.19795	64.222	0.18644
2.6749	66.36	0.1983	64.22	0.18678
2.7318	66.366	0.1983	64.226	0.1868
2.7887	66.385	0.1975	64.243	0.18601
2.8456	66.355	0.19749	64.213	0.18599
2.9025	66.331	0.19742	64.189	0.18591
2.9594	66.342	0.19711	64.199	0.1856
3.0163	66.332	0.19738	64.189	0.18586
3.0732	66.365	0.19796	64.22	0.18645
3.1302	66.332	0.19803	64.187	0.18651
3.1871	66.291	0.19837	64.146	0.18684
3.244	66.319	0.19851	64.172	0.18699
3.3009	66.272	0.19924	64.126	0.1877
3.3578	66.267	0.19883	64.12	0.18727
3.4147	66.254	0.19963	64.106	0.18805
3.4716	66.237	0.19979	64.088	0.1882
3.5285	66.263	0.20001	64.112	0.18842
3.5855	66.216	0.20038	64.065	0.18877
3.6424	66.249	0.2005	64.096	0.18889
3.6993	66.231	0.20094	64.077	0.18932
3.7562	66.226	0.20016	64.07	0.18854
3.8131	66.242	0.19998	64.087	0.18835
3.87	66.186	0.20021	64.031	0.18858
3.9269	66.205	0.20036	64.049	0.18873
3.9838	66.216	0.20114	64.058	0.1895
4.0407	66.244	0.20076	64.083	0.18912
4.0977	66.219	0.20137	64.058	0.18971
4.1546	66.214	0.20131	64.052	0.18966
4.2115	66.297	0.20151	64.132	0.18987
4.2684	66.25	0.20141	64.084	0.18976
4.3253	66.299	0.20173	64.131	0.19009
4.3822	66.293	0.20194	64.124	0.19029
4.4391	66.264	0.2015	64.095	0.18985
4.496	66.255	0.20134	64.085	0.18969
4.553	66.267	0.20183	64.095	0.19016
4.6099	66.19	0.2013	64.02	0.18962
4.6668	66.228	0.20187	64.057	0.19019
4.7237	66.193	0.2018	64.021	0.19012
4.7806	66.192	0.20147	64.02	0.18979
4.8375	66.206	0.2015	64.033	0.18982
4.8944	66.19	0.20126	64.016	0.18958
4.9513	66.19	0.2014	64.015	0.18971
5.0083	66.205	0.20149	64.028	0.18981
5.0652	66.199	0.20117	64.022	0.18949
5.1221	66.227	0.20148	64.048	0.1898
5.179	66.239	0.20137	64.058	0.18969
5.2359	66.234	0.20179	64.052	0.1901
5.2928	66.22	0.20218	64.037	0.19049
5.3497	66.265	0.20196	64.079	0.19028
5.4066	66.279	0.20188	64.093	0.1902
5.4635	66.29	0.20279	64.101	0.19109
5.5205	66.324	0.20327	64.133	0.19156
5.5774	66.374	0.20348	64.18	0.19178
5.6343	66.379	0.20309	64.185	0.19139
5.6912	66.37	0.20351	64.175	0.19181
5.7481	66.397	0.20393	64.2	0.19221
5.805	66.419	0.20411	64.219	0.1924
5.8619	66.421	0.20403	64.221	0.19233
5.9188	66.484	0.20365	64.281	0.19196
5.9758	66.462	0.20443	64.258	0.19272
6.0327	66.495	0.2041	64.291	0.1924
6.0896	66.479	0.2039	64.275	0.19219
6.1465	66.538	0.20266	64.332	0.19098
6.2034	66.53	0.20325	64.322	0.19157
6.2603	66.588	0.20285	64.378	0.19119
6.3172	66.596	0.20253	64.385	0.19086
6.3741	66.579	0.20274	64.368	0.19106
6.4311	66.592	0.20318	64.38	0.1915
6.488	66.58	0.20318	64.367	0.19151
6.5449	66.626	0.20304	64.411	0.19137
6.6018	66.637	0.20339	64.421	0.19171
6.6587	66.649	0.20429	64.432	0.19261
6.7156	66.66	0.20433	64.442	0.19267
6.7725	66.69	0.20359	64.47	0.19195
6.8294	66.744	0.20343	64.523	0.19179
6.8863	66.708	0.20408	64.487	0.19243
6.9433	66.764	0.20492	64.54	0.19326
7.0002	66.789	0.20504	64.564	0.1934
7.0571	66.811	0.2054	64.584	0.19377
7.114	66.827	0.20478	64.599	0.19316
7.1709	66.83	0.20501	64.6	0.19339
7.2278	66.858	0.20522	64.628	0.19362
7.2847	66.862	0.20506	64.631	0.19347
7.3416	66.871	0.20437	64.64	0.1928
7.3986	66.899	0.20454	64.668	0.19297
7.4555	66.872	0.20489	64.644	0.19332
7.5124	66.908	0.20379	64.678	0.19224
7.5693	66.921	0.20441	64.691	0.19286
7.6262	66.888	0.20346	64.659	0.19191
7.6831	66.889	0.20425	64.656	0.19267
7.74	66.874	0.20578	64.639	0.19416
7.7969	66.905	0.20698	64.669	0.19536
7.8539	66.926	0.20686	64.69	0.19525
7.9108	66.929	0.20685	64.694	0.19526
7.9677	66.886	0.20669	64.651	0.19509
8.0246	66.944	0.20604	64.71	0.19445
8.0815	66.934	0.20641	64.699	0.19482
8.1384	66.906	0.20639	64.674	0.19481
8.1953	66.973	0.206	64.739	0.19444
8.2522	66.935	0.20583	64.703	0.19428
8.3091	66.949	0.20571	64.717	0.19416
8.3661	66.953	0.20608	64.722	0.19454
8.423	66.972	0.20618	64.742	0.19467
8.4799	66.981	0.20573	64.752	0.19424
8.5368	66.98	0.20523	64.752	0.19375
8.5937	66.978	0.20526	64.75	0.19378
8.6506	67.024	0.20441	64.794	0.19295
8.7075	66.966	0.20443	64.738	0.19296
8.7644	66.939	0.20447	64.712	0.193
8.8214	66.919	0.20477	64.693	0.19328
8.8783	66.855	0.20523	64.631	0.19375
8.9352	66.822	0.20488	64.597	0.19339
8.9921	66.751	0.20759	64.526	0.19606
9.049	66.712	0.2072	64.489	0.19567
9.1059	66.715	0.20751	64.492	0.19598
9.1628	66.699	0.20772	64.478	0.19618
9.2197	66.717	0.20772	64.495	0.19618
9.2766	66.619	0.20817	64.401	0.19659
9.3336	66.625	0.20943	64.406	0.19785
9.3905	66.478	0.21076	64.266	0.19913
9.4474	66.418	0.2112	64.208	0.19954
9.5043	66.313	0.21235	64.108	0.20065
9.5612	66.276	0.21201	64.073	0.20031
9.6181	66.136	0.21299	63.938	0.20125
9.675	66.12	0.21267	63.923	0.20092
9.7319	66.054	0.21339	63.86	0.20161
9.7889	66.054	0.21339	63.861	0.20163
9.8458	66.063	0.21284	63.872	0.20109
9.9027	65.942	0.21373	63.755	0.20195
9.9596	65.937	0.21366	63.752	0.20188
10.017	65.935	0.21372	63.749	0.20194
10.073	65.865	0.21382	63.683	0.20201
10.13	65.882	0.21445	63.7	0.20263
10.187	65.793	0.21596	63.616	0.2041
10.244	65.797	0.21561	63.62	0.20375
10.301	65.7	0.21649	63.529	0.20461
10.358	65.706	0.21626	63.535	0.2044
10.415	65.683	0.21617	63.514	0.20431
10.472	65.702	0.21594	63.534	0.20409
10.529	65.642	0.21623	63.476	0.20435
10.586	65.628	0.21681	63.465	0.20493
10.643	65.53	0.21689	63.372	0.205
10.699	65.602	0.21608	63.442	0.20422
10.756	65.55	0.21658	63.392	0.2047
10.813	65.541	0.21627	63.386	0.20438
10.87	65.503	0.21759	63.349	0.20569
10.927	65.52	0.21681	63.367	0.20493
10.984	65.44	0.217	63.291	0.2051
11.041	65.404	0.21654	63.258	0.20463
11.098	65.492	0.21679	63.342	0.20492
11.155	65.404	0.21603	63.26	0.20415
11.212	65.457	0.21758	63.311	0.20569
11.269	65.361	0.21745	63.219	0.20555
11.325	65.408	0.21703	63.266	0.20515
11.382	65.391	0.21692	63.251	0.20503
11.439	65.368	0.21683	63.229	0.20495
11.496	65.39	0.21671	63.251	0.20483
11.553	65.386	0.21697	63.248	0.20509
11.61	65.4	0.21676	63.262	0.20488
11.667	65.424	0.21716	63.286	0.20529
11.724	65.46	0.21685	63.322	0.205
11.781	65.543	0.21616	63.402	0.20435
11.838	65.591	0.21531	63.45	0.20353
11.895	65.514	0.21491	63.376	0.20312
11.952	65.61	0.21397	63.47	0.20222
12.008	65.67	0.21355	63.53	0.20181
12.065	65.61	0.21422	63.473	0.20246
12.122	65.64	0.21338	63.504	0.20164
12.179	65.686	0.21367	63.551	0.20194
12.236	65.683	0.21327	63.55	0.20154
12.293	65.678	0.21341	63.546	0.20167
12.35	65.664	0.21318	63.534	0.20144
12.407	65.672	0.21331	63.544	0.20157
12.464	65.633	0.2128	63.508	0.20107
12.521	65.668	0.21233	63.543	0.2006
12.578	65.656	0.21221	63.534	0.20049
12.634	65.658	0.21192	63.536	0.2002
12.691	65.662	0.21142	63.542	0.19972
12.748	65.665	0.21166	63.547	0.19995
12.805	65.647	0.21155	63.528	0.19983
12.862	65.649	0.2117	63.531	0.19998
12.919	65.636	0.21205	63.519	0.20033
12.976	65.638	0.21151	63.523	0.1998
13.033	65.623	0.21187	63.51	0.20015
13.09	65.617	0.2113	63.504	0.19958
13.147	65.594	0.21181	63.484	0.20009
13.204	65.609	0.21149	63.499	0.19977
13.26	65.615	0.21144	63.508	0.19971
13.317	65.611	0.21142	63.506	0.19969
13.374	65.634	0.21149	63.529	0.19977
13.431	65.667	0.21115	63.561	0.19945
13.488	65.657	0.21064	63.554	0.19893
13.545	65.651	0.21108	63.549	0.19937
13.602	65.667	0.21091	63.566	0.19919
13.659	65.649	0.21086	63.549	0.19914
13.716	65.678	0.21114	63.577	0.19943
13.773	65.715	0.21046	63.614	0.19877
13.83	65.711	0.21021	63.612	0.19853
13.887	65.722	0.21012	63.624	0.19844
13.943	65.685	0.20995	63.59	0.19826
14	65.735	0.20987	63.639	0.19819
14.057	65.725	0.21021	63.63	0.19852
14.114	65.695	0.21031	63.602	0.19861
14.171	65.654	0.21089	63.562	0.19917
14.228	65.704	0.21147	63.611	0.19975
14.285	65.678	0.21189	63.587	0.20016
14.342	65.69	0.21158	63.601	0.19986
14.399	65.696	0.21169	63.607	0.19998
14.456	65.718	0.2114	63.63	0.19968
14.513	65.73	0.21148	63.642	0.19976
14.569	65.715	0.21184	63.63	0.20012
14.626	65.725	0.21195	63.64	0.20023
14.683	65.738	0.21178	63.654	0.20007
14.74	65.718	0.21174	63.635	0.20004
14.797	65.712	0.21162	63.63	0.1999
14.854	65.712	0.21186	63.631	0.20014
14.911	65.683	0.21157	63.604	0.19986
14.968	65.755	0.21138	63.675	0.19969
15.025	65.745	0.21156	63.666	0.19987
15.082	65.751	0.21144	63.672	0.19975
15.139	65.745	0.2119	63.668	0.20021
15.195	65.761	0.21191	63.684	0.20022
15.252	65.752	0.2116	63.677	0.19992
15.309	65.752	0.21164	63.678	0.19995
15.366	65.731	0.21189	63.658	0.20019
15.423	65.716	0.21206	63.645	0.20036
15.48	65.656	0.21277	63.589	0.20106
15.537	65.69	0.21192	63.624	0.20022
15.594	65.666	0.21244	63.601	0.20073
15.651	65.671	0.21221	63.606	0.20049
15.708	65.695	0.21277	63.63	0.20103
15.765	65.694	0.21308	63.629	0.20135
15.822	65.631	0.21291	63.57	0.20117
15.878	65.647	0.21339	63.586	0.20165
15.935	65.624	0.21295	63.565	0.20122
15.992	65.596	0.21339	63.539	0.20165
16.049	65.59	0.21296	63.536	0.20121
16.106	65.532	0.21341	63.479	0.20165
16.163	65.535	0.21339	63.483	0.20163
16.22	65.498	0.2141	63.447	0.20234
16.277	65.506	0.21379	63.457	0.20203
16.334	65.493	0.21371	63.444	0.20194
16.391	65.443	0.21416	63.397	0.20237
16.448	65.482	0.21391	63.436	0.20213
16.504	65.445	0.21426	63.401	0.20248
16.561	65.449	0.21383	63.406	0.20205
16.618	65.457	0.21387	63.414	0.20209
16.675	65.447	0.2137	63.406	0.20193
16.732	65.445	0.21414	63.405	0.20234
16.789	65.429	0.21401	63.391	0.20222
16.846	65.427	0.2144	63.389	0.20261
16.903	65.405	0.21445	63.369	0.20265
16.96	65.422	0.21411	63.387	0.20232
17.017	65.44	0.2145	63.404	0.2027
17.074	65.384	0.215	63.351	0.20319
17.13	65.428	0.2147	63.394	0.20291
17.187	65.402	0.21521	63.37	0.2034
17.244	65.407	0.21539	63.375	0.20358
17.301	65.415	0.21523	63.384	0.20342
17.358	65.396	0.2158	63.367	0.20398
17.415	65.398	0.21608	63.37	0.20425
17.472	65.396	0.21618	63.369	0.20434
17.529	65.381	0.21628	63.355	0.20445
17.586	65.407	0.21656	63.381	0.20473
17.643	65.393	0.21577	63.369	0.20395
17.7	65.378	0.21548	63.355	0.20367
17.757	65.41	0.21529	63.388	0.20347
17.813	65.407	0.21534	63.386	0.20351
17.87	65.408	0.21575	63.387	0.20392
17.927	65.397	0.21684	63.376	0.20499
17.984	65.397	0.21658	63.377	0.20474
18.041	65.377	0.21715	63.358	0.2053
18.098	65.387	0.21735	63.368	0.2055
18.155	65.426	0.21754	63.407	0.2057
18.212	65.441	0.21755	63.422	0.20571
18.269	65.429	0.21762	63.411	0.20578
18.326	65.423	0.21802	63.407	0.20617
18.383	65.469	0.21809	63.452	0.20626
18.439	65.478	0.21769	63.461	0.20586
18.496	65.481	0.21718	63.466	0.20536
18.553	65.496	0.21738	63.481	0.20555
18.61	65.497	0.21741	63.482	0.20558
18.667	65.465	0.2179	63.452	0.20607
18.724	65.479	0.21802	63.466	0.20619
18.781	65.481	0.21813	63.467	0.20628
18.838	65.468	0.21833	63.455	0.20648
18.895	65.456	0.21907	63.443	0.20721
18.952	65.45	0.21896	63.437	0.20711
19.009	65.41	0.21869	63.399	0.20684
19.066	65.443	0.21904	63.43	0.2072
19.122	65.461	0.21858	63.448	0.20674
19.179	65.458	0.21846	63.445	0.20662
19.236	65.457	0.21843	63.444	0.20659
19.293	65.463	0.21819	63.451	0.20634
19.35	65.47	0.21851	63.457	0.20667
19.407	65.456	0.21912	63.442	0.20726
19.464	65.453	0.21836	63.441	0.20651
19.521	65.438	0.21856	63.426	0.20672
19.578	65.469	0.21826	63.456	0.20643
19.635	65.407	0.21861	63.396	0.20676
19.692	65.428	0.21877	63.416	0.20691
19.748	65.457	0.21839	63.446	0.20654
19.805	65.459	0.21883	63.447	0.20699
19.862	65.476	0.21845	63.464	0.2066
19.919	65.461	0.21818	63.449	0.20632
19.976	65.459	0.21866	63.447	0.20679
20.033	65.467	0.21901	63.454	0.20714
20.09	65.499	0.21859	63.485	0.20672
20.147	65.467	0.21914	63.454	0.20728
20.204	65.49	0.21872	63.477	0.20686
20.261	65.468	0.21877	63.455	0.2069
20.318	65.505	0.21841	63.492	0.20654
20.374	65.489	0.21877	63.475	0.2069
20.431	65.505	0.21839	63.49	0.20652
20.488	65.5	0.21839	63.486	0.20652
20.545	65.539	0.21876	63.523	0.2069
20.602	65.483	0.21809	63.469	0.20624
20.659	65.291	0.21677	63.285	0.20489
20.716	65.506	0.21985	63.489	0.20788
20.773	65.375	0.2211	63.365	0.20916
20.83	65.405	0.22009	63.392	0.20812
20.887	65.385	0.21912	63.374	0.20712
20.944	65.376	0.22106	63.363	0.20901
21.001	65.39	0.22125	63.376	0.20915
21.057	65.278	0.22039	63.267	0.20813
21.114	69.3	0.20019	63.989	0.20621
21.171	68.733	0.20469	63.463	0.21102
21.228	68.422	0.19901	63.176	0.20542
21.285	67.632	0.18475	62.455	0.19104
21.342	67.148	0.20077	62.025	0.20687
21.399	65.015	0.22069	60.066	0.22675
21.456	57.348	0.23885	53.001	0.24516
21.513	56.76	0.27126	52.449	0.2784
21.57	56.767	0.28209	52.457	0.28941
21.627	56.07	0.28541	51.801	0.29287
21.683	56.648	0.2832	52.344	0.29052
21.74	52.796	0.11939	48.695	0.12315
21.797	52.656	0.12084	48.561	0.12465
21.854	52.71	0.12111	48.611	0.1249
21.911	52.497	0.12354	48.411	0.12742
21.968	52.084	0.12257	48.021	0.12645
