Time	Fascicle Length R1_F1	Pennation Angle R1_F1	Fascicle Length R1_F2	Pennation Angle R1_F2	Time	Fascicle Length R2_F1	Pennation Angle R2_F1	Fascicle Length R2_F2	Pennation Angle R2_F2	
0.055261	54.769	0.24029	51.326	0.25249	0.055261	40.619	0.47998	37.775	0.51636
0.11052	54.782	0.2401	52.134	0.24626	0.11052	42.204	0.46328	39.477	0.49806
0.16578	54.764	0.23962	52.117	0.24578	0.16578	42.191	0.46479	39.469	0.49959
0.22104	54.756	0.23973	52.111	0.2459	0.22104	42.184	0.46424	39.464	0.49901
0.2763	54.786	0.23973	52.14	0.24588	0.2763	42.227	0.46377	39.505	0.49849
0.33156	54.821	0.23943	52.172	0.24558	0.33156	42.303	0.46307	39.578	0.49772
0.38683	54.798	0.23992	52.152	0.24607	0.38683	42.258	0.46243	39.536	0.49706
0.44209	54.806	0.23915	52.159	0.24529	0.44209	42.313	0.4623	39.59	0.49683
0.49735	54.842	0.23914	52.195	0.24527	0.49735	42.362	0.46166	39.637	0.49612
0.55261	54.834	0.23923	52.187	0.24536	0.55261	42.367	0.46128	39.644	0.49571
0.60787	54.841	0.23904	52.194	0.24518	0.60787	42.407	0.4613	39.682	0.49567
0.66313	54.856	0.23925	52.209	0.24539	0.66313	42.415	0.45915	39.688	0.49342
0.71839	54.846	0.23956	52.199	0.24568	0.71839	42.36	0.45915	39.635	0.49347
0.77365	54.859	0.23883	52.213	0.24495	0.77365	42.423	0.45922	39.696	0.49346
0.82891	54.835	0.23951	52.191	0.24564	0.82891	42.38	0.45852	39.658	0.49276
0.88417	54.861	0.23879	52.215	0.24491	0.88417	42.422	0.45878	39.699	0.49297
0.93943	54.869	0.23893	52.223	0.24505	0.93943	42.391	0.45797	39.67	0.49215
0.99469	54.866	0.23786	52.221	0.24397	0.99469	42.405	0.45909	39.686	0.49323
1.05	54.842	0.23776	52.198	0.24387	1.05	42.384	0.45916	39.667	0.49329
1.1052	54.849	0.23722	52.205	0.24332	1.1052	42.338	0.45959	39.626	0.49375
1.1605	54.839	0.23689	52.197	0.24298	1.1605	42.337	0.46041	39.627	0.49455
1.2157	54.858	0.23604	52.214	0.24213	1.2157	42.36	0.46008	39.648	0.49421
1.271	54.846	0.23637	52.204	0.24246	1.271	42.344	0.45963	39.634	0.49376
1.3263	54.87	0.23614	52.227	0.24222	1.3263	42.402	0.45854	39.687	0.49259
1.3815	54.899	0.23605	52.254	0.24212	1.3815	42.43	0.45795	39.714	0.492
1.4368	54.86	0.23618	52.218	0.24225	1.4368	42.384	0.45782	39.671	0.49183
1.492	54.871	0.23597	52.228	0.24203	1.492	42.396	0.45807	39.686	0.49208
1.5473	54.918	0.236	52.273	0.24205	1.5473	42.455	0.45617	39.739	0.49009
1.6026	54.882	0.23578	52.24	0.24184	1.6026	42.411	0.45723	39.701	0.49118
1.6578	54.899	0.23577	52.256	0.24183	1.6578	42.446	0.456	39.734	0.48988
1.7131	54.893	0.23602	52.251	0.24207	1.7131	42.475	0.45588	39.763	0.48971
1.7683	54.915	0.23582	52.272	0.24187	1.7683	42.49	0.45557	39.778	0.48937
1.8236	54.918	0.23567	52.275	0.24172	1.8236	42.493	0.45515	39.782	0.48888
1.8789	54.881	0.23578	52.241	0.24182	1.8789	42.458	0.45556	39.751	0.48931
1.9341	54.898	0.23543	52.258	0.24147	1.9341	42.477	0.45571	39.771	0.48941
1.9894	54.904	0.23557	52.264	0.24162	1.9894	42.46	0.45582	39.757	0.48953
2.0447	54.919	0.23589	52.279	0.24194	2.0447	42.514	0.45536	39.809	0.48895
2.0999	54.922	0.23642	52.283	0.24247	2.0999	42.491	0.45438	39.788	0.48799
2.1552	54.93	0.23558	52.29	0.24162	2.1552	42.527	0.45527	39.824	0.48885
2.2104	54.937	0.23605	52.298	0.2421	2.2104	42.547	0.45493	39.843	0.48845
2.2657	54.938	0.23589	52.299	0.24193	2.2657	42.555	0.4556	39.853	0.48914
2.321	54.965	0.23573	52.325	0.24177	2.321	42.588	0.45498	39.883	0.48847
2.3762	54.952	0.2355	52.313	0.24154	2.3762	42.573	0.45507	39.871	0.48854
2.4315	54.968	0.23542	52.328	0.24147	2.4315	42.602	0.45411	39.898	0.48753
2.4867	54.97	0.23516	52.33	0.2412	2.4867	42.595	0.45414	39.892	0.48755
2.542	54.947	0.23486	52.309	0.2409	2.542	42.604	0.45541	39.904	0.4888
2.5973	54.992	0.23521	52.353	0.24124	2.5973	42.607	0.45398	39.906	0.48735
2.6525	54.996	0.23517	52.357	0.24119	2.6525	42.593	0.45411	39.897	0.48753
2.7078	55.015	0.23472	52.376	0.24075	2.7078	42.613	0.45388	39.916	0.48722
2.763	55.035	0.23454	52.395	0.24055	2.763	42.63	0.45393	39.935	0.48728
2.8183	55.036	0.23412	52.397	0.24013	2.8183	42.643	0.45466	39.949	0.48799
2.8736	55.056	0.23383	52.416	0.23984	2.8736	42.65	0.45417	39.958	0.48745
2.9288	55.065	0.23373	52.426	0.23973	2.9288	42.653	0.45393	39.962	0.48721
2.9841	55.045	0.2332	52.407	0.23919	2.9841	42.647	0.4537	39.958	0.48694
3.0393	55.052	0.23294	52.414	0.23893	3.0393	42.63	0.45423	39.944	0.48748
3.0946	55.05	0.23311	52.412	0.23911	3.0946	42.624	0.45431	39.938	0.48756
3.1499	55.039	0.2331	52.402	0.23909	3.1499	42.638	0.45474	39.953	0.48796
3.2051	55.056	0.23308	52.419	0.23907	3.2051	42.631	0.45423	39.947	0.48745
3.2604	55.048	0.23333	52.412	0.23932	3.2604	42.629	0.45387	39.946	0.48704
3.3156	55.061	0.23297	52.425	0.23895	3.3156	42.646	0.45417	39.965	0.48733
3.3709	55.063	0.23293	52.428	0.2389	3.3709	42.64	0.45387	39.961	0.487
3.4262	55.068	0.23309	52.433	0.23907	3.4262	42.634	0.45326	39.955	0.48637
3.4814	55.093	0.23271	52.457	0.23868	3.4814	42.682	0.45242	40.002	0.48546
3.5367	55.1	0.23258	52.465	0.23854	3.5367	42.655	0.45276	39.978	0.48581
3.592	55.126	0.23211	52.49	0.23806	3.592	42.686	0.45339	40.01	0.48638
3.6472	55.121	0.23233	52.486	0.23828	3.6472	42.651	0.45321	39.979	0.48619
3.7025	55.13	0.23231	52.495	0.23826	3.7025	42.704	0.45313	40.032	0.48606
3.7577	55.134	0.23228	52.499	0.23823	3.7577	42.681	0.45301	40.011	0.48594
3.813	55.141	0.23213	52.507	0.23807	3.813	42.703	0.45256	40.035	0.48544
3.8683	55.147	0.23204	52.513	0.23798	3.8683	42.686	0.45283	40.021	0.48571
3.9235	55.174	0.23213	52.539	0.23806	3.9235	42.716	0.45149	40.049	0.48432
3.9788	55.161	0.23211	52.526	0.23805	3.9788	42.707	0.45202	40.044	0.48484
4.034	55.16	0.23204	52.527	0.23797	4.034	42.714	0.45143	40.052	0.48421
4.0893	55.198	0.23179	52.563	0.23772	4.0893	42.73	0.45146	40.069	0.48419
4.1446	55.177	0.2319	52.543	0.23782	4.1446	42.749	0.45071	40.088	0.48342
4.1998	55.195	0.23162	52.562	0.23754	4.1998	42.772	0.45076	40.111	0.48338
4.2551	55.197	0.2316	52.564	0.23753	4.2551	42.79	0.45053	40.13	0.48312
4.3103	55.202	0.23134	52.569	0.23726	4.3103	42.781	0.45098	40.123	0.48356
4.3656	55.225	0.23133	52.592	0.23724	4.3656	42.828	0.44981	40.169	0.4823
4.4209	55.252	0.23069	52.618	0.2366	4.4209	42.865	0.45027	40.206	0.48273
4.4761	55.223	0.23119	52.591	0.23711	4.4761	42.86	0.44991	40.202	0.48231
4.5314	55.229	0.23096	52.597	0.23687	4.5314	42.843	0.44983	40.188	0.48224
4.5866	55.188	0.2308	52.56	0.23672	4.5866	42.855	0.44978	40.202	0.4821
4.6419	55.226	0.23081	52.595	0.23672	4.6419	42.865	0.44862	40.212	0.48093
4.6972	55.241	0.23072	52.611	0.23663	4.6972	42.839	0.44803	40.188	0.48031
4.7524	55.258	0.23043	52.627	0.23634	4.7524	42.86	0.448	40.208	0.48027
4.8077	55.27	0.23051	52.639	0.23642	4.8077	42.866	0.44753	40.215	0.47978
4.863	55.286	0.23017	52.654	0.23607	4.863	42.886	0.44732	40.233	0.47951
4.9182	55.265	0.2308	52.635	0.2367	4.9182	42.873	0.44681	40.223	0.479
4.9735	55.294	0.23036	52.663	0.23626	4.9735	42.888	0.44688	40.239	0.47903
5.0287	55.34	0.23017	52.708	0.23606	5.0287	42.889	0.44636	40.241	0.4785
5.084	55.336	0.23044	52.704	0.23633	5.084	42.912	0.4457	40.264	0.47779
5.1393	55.36	0.23016	52.728	0.23604	5.1393	42.898	0.44583	40.254	0.4779
5.1945	55.38	0.23022	52.747	0.23611	5.1945	42.914	0.44579	40.271	0.47784
5.2498	55.399	0.23053	52.766	0.23642	5.2498	42.931	0.44472	40.288	0.47673
5.305	55.405	0.23034	52.772	0.23623	5.305	42.929	0.44528	40.29	0.47726
5.3603	55.451	0.23023	52.816	0.23611	5.3603	42.968	0.44443	40.326	0.47637
5.4156	55.408	0.23067	52.776	0.23656	5.4156	42.938	0.44465	40.3	0.47657
5.4708	55.466	0.23045	52.831	0.23632	5.4708	42.945	0.44404	40.308	0.47596
5.5261	55.466	0.23091	52.832	0.23679	5.5261	42.94	0.44357	40.303	0.47547
5.5813	55.537	0.23057	52.9	0.23644	5.5813	42.952	0.44293	40.315	0.47482
5.6366	55.533	0.23076	52.897	0.23663	5.6366	42.944	0.44292	40.308	0.47478
5.6919	55.578	0.23074	52.94	0.23659	5.6919	42.961	0.44191	40.324	0.47375
5.7471	55.586	0.23094	52.948	0.23679	5.7471	42.964	0.44163	40.327	0.47343
5.8024	55.634	0.23146	52.994	0.23731	5.8024	42.982	0.44129	40.343	0.47307
5.8576	55.667	0.23187	53.026	0.23772	5.8576	42.999	0.44142	40.362	0.47319
5.9129	55.714	0.23211	53.072	0.23796	5.9129	43.012	0.44167	40.374	0.47343
5.9682	55.711	0.2332	53.069	0.23906	5.9682	43.043	0.44097	40.403	0.47275
6.0234	55.7	0.23336	53.059	0.23922	6.0234	43.082	0.44058	40.441	0.47232
6.0787	55.724	0.23379	53.083	0.23965	6.0787	43.098	0.43951	40.455	0.4712
6.134	55.733	0.23365	53.091	0.23951	6.134	43.108	0.43903	40.465	0.47072
6.1892	55.731	0.23355	53.089	0.23941	6.1892	43.117	0.43956	40.475	0.47121
6.2445	55.711	0.23396	53.072	0.23982	6.2445	43.084	0.43912	40.446	0.47077
6.2997	55.751	0.23347	53.11	0.23933	6.2997	43.069	0.43938	40.435	0.47101
6.355	55.742	0.23347	53.102	0.23933	6.355	43.067	0.43936	40.437	0.47096
6.4103	55.765	0.23351	53.125	0.23936	6.4103	43.07	0.43889	40.441	0.47045
6.4655	55.765	0.23326	53.126	0.2391	6.4655	43.064	0.43859	40.439	0.47013
6.5208	55.78	0.23306	53.14	0.2389	6.5208	43.066	0.43873	40.442	0.47024
6.576	55.763	0.23315	53.124	0.239	6.576	43.054	0.43837	40.432	0.46987
6.6313	55.841	0.23304	53.199	0.23888	6.6313	43.095	0.43796	40.472	0.46943
6.6866	55.84	0.23332	53.198	0.23916	6.6866	43.117	0.43702	40.492	0.46847
6.7418	55.865	0.23324	53.222	0.23907	6.7418	43.098	0.43671	40.476	0.46814
6.7971	55.813	0.23345	53.173	0.23929	6.7971	43.101	0.43729	40.481	0.46869
6.8523	55.877	0.23317	53.235	0.239	6.8523	43.1	0.43661	40.482	0.46798
6.9076	55.869	0.2332	53.227	0.23902	6.9076	43.088	0.43719	40.472	0.46856
6.9629	55.93	0.23313	53.287	0.23894	6.9629	43.119	0.43616	40.503	0.4675
7.0181	55.938	0.23294	53.294	0.23875	7.0181	43.158	0.43598	40.541	0.46726
7.0734	55.955	0.23333	53.311	0.23914	7.0734	43.163	0.43517	40.546	0.46642
7.1286	55.985	0.23337	53.34	0.23918	7.1286	43.175	0.43567	40.56	0.46688
7.1839	56.012	0.23426	53.367	0.24007	7.1839	43.173	0.43387	40.559	0.46505
7.2392	56.016	0.23431	53.372	0.24012	7.2392	43.184	0.43446	40.571	0.46559
7.2944	56.029	0.23474	53.384	0.24055	7.2944	43.184	0.4328	40.572	0.46387
7.3497	56.026	0.23475	53.383	0.24057	7.3497	43.199	0.4326	40.589	0.46359
7.405	56.081	0.23474	53.436	0.24055	7.405	43.222	0.43275	40.612	0.46373
7.4602	56.061	0.23466	53.417	0.24047	7.4602	43.237	0.43273	40.629	0.46367
7.5155	56.129	0.23502	53.482	0.24083	7.5155	43.259	0.4315	40.649	0.4624
7.5707	56.164	0.23475	53.516	0.24055	7.5707	43.281	0.43119	40.672	0.46205
7.626	56.105	0.23532	53.46	0.24113	7.626	43.265	0.43153	40.659	0.46238
7.6813	56.118	0.23543	53.473	0.24124	7.6813	43.252	0.43086	40.649	0.46169
7.7365	56.182	0.23522	53.535	0.24103	7.7365	43.252	0.43064	40.651	0.4614
7.7918	56.238	0.2355	53.588	0.24131	7.7918	43.278	0.42935	40.675	0.46008
7.847	56.222	0.23529	53.574	0.24108	7.847	43.275	0.42959	40.674	0.46029
7.9023	56.246	0.23507	53.597	0.24087	7.9023	43.34	0.42908	40.736	0.45975
7.9576	56.27	0.2353	53.62	0.2411	7.9576	43.361	0.42859	40.757	0.45921
8.0128	56.273	0.23573	53.624	0.24152	8.0128	43.362	0.42766	40.76	0.45828
8.0681	56.357	0.23546	53.705	0.24125	8.0681	43.37	0.42663	40.768	0.45721
8.1233	56.378	0.2358	53.725	0.24159	8.1233	43.404	0.42543	40.802	0.45595
8.1786	56.419	0.23556	53.764	0.24135	8.1786	43.434	0.4245	40.831	0.45499
8.2339	56.429	0.23572	53.774	0.24151	8.2339	43.475	0.42468	40.873	0.45511
8.2891	56.491	0.23573	53.834	0.24151	8.2891	43.486	0.42369	40.885	0.45409
8.3444	56.538	0.23567	53.879	0.24145	8.3444	43.505	0.42288	40.904	0.45322
8.3996	56.591	0.2357	53.931	0.24147	8.3996	43.525	0.42221	40.924	0.45251
8.4549	56.652	0.23588	53.99	0.24165	8.4549	43.536	0.4212	40.936	0.45146
8.5102	56.662	0.23644	53.999	0.2422	8.5102	43.527	0.41959	40.927	0.44988
8.5654	56.705	0.23651	54.042	0.24226	8.5654	43.562	0.41919	40.963	0.44939
8.6207	56.748	0.23637	54.083	0.24211	8.6207	43.564	0.41923	40.965	0.44944
8.676	56.785	0.23613	54.118	0.24187	8.676	43.554	0.41853	40.956	0.44875
8.7312	56.807	0.23568	54.139	0.2414	8.7312	43.574	0.41938	40.977	0.44958
8.7865	56.841	0.23603	54.171	0.24175	8.7865	43.575	0.41878	40.979	0.44895
8.8417	56.825	0.23637	54.157	0.2421	8.8417	43.57	0.41864	40.976	0.44878
8.897	56.947	0.23615	54.274	0.24188	8.897	43.606	0.41769	41.011	0.44778
8.9523	56.932	0.23653	54.261	0.24226	8.9523	43.627	0.4171	41.033	0.44717
9.0075	57.009	0.2363	54.334	0.24202	9.0075	43.651	0.41675	41.057	0.44679
9.0628	57.053	0.2374	54.376	0.24314	9.0628	43.681	0.41495	41.085	0.44495
9.118	57.061	0.23788	54.385	0.24362	9.118	43.665	0.41454	41.072	0.44456
9.1733	57.114	0.23769	54.436	0.24342	9.1733	43.67	0.41387	41.077	0.44388
9.2286	57.114	0.23764	54.436	0.24336	9.2286	43.704	0.41403	41.112	0.444
9.2838	57.12	0.23826	54.442	0.24399	9.2838	43.746	0.41322	41.152	0.44316
9.3391	57.164	0.23846	54.485	0.2442	9.3391	43.76	0.41247	41.167	0.44238
9.3943	57.158	0.23868	54.479	0.24441	9.3943	43.795	0.41209	41.201	0.44196
9.4496	57.179	0.23941	54.499	0.24515	9.4496	43.818	0.41047	41.224	0.4403
9.5049	57.205	0.2388	54.525	0.24453	9.5049	43.827	0.41039	41.235	0.44016
9.5601	57.219	0.23896	54.538	0.2447	9.5601	43.839	0.41031	41.248	0.44005
9.6154	57.247	0.23906	54.566	0.24479	9.6154	43.869	0.40987	41.277	0.43961
9.6706	57.269	0.23912	54.587	0.24485	9.6706	43.873	0.40959	41.282	0.4393
9.7259	57.297	0.23931	54.615	0.24504	9.7259	43.871	0.40958	41.283	0.43929
9.7812	57.329	0.23919	54.646	0.24492	9.7812	43.864	0.40894	41.276	0.43863
9.8364	57.341	0.23938	54.657	0.24511	9.8364	43.874	0.40881	41.288	0.43849
9.8917	57.412	0.23892	54.726	0.24464	9.8917	43.89	0.40876	41.306	0.4384
9.9469	57.42	0.23899	54.734	0.2447	9.9469	43.908	0.40863	41.325	0.43825
10.002	57.471	0.23887	54.783	0.24458	10.002	43.935	0.40777	41.353	0.43734
10.057	57.455	0.23921	54.768	0.24492	10.057	43.944	0.40713	41.365	0.43666
10.113	57.476	0.23933	54.789	0.24504	10.113	43.945	0.40618	41.367	0.43567
10.168	57.549	0.23887	54.859	0.24457	10.168	43.977	0.40603	41.398	0.43548
10.223	57.572	0.23901	54.881	0.24471	10.223	43.982	0.4054	41.405	0.43482
10.279	57.6	0.23931	54.909	0.24501	10.279	43.991	0.40459	41.415	0.434
10.334	57.655	0.23874	54.961	0.24442	10.334	44.009	0.40387	41.431	0.43325
10.389	57.64	0.23863	54.947	0.24431	10.389	44.041	0.40493	41.465	0.43428
10.444	57.734	0.23886	55.038	0.24453	10.444	44.05	0.40362	41.475	0.43297
10.5	57.754	0.23859	55.057	0.24427	10.5	44.072	0.40335	41.495	0.43267
10.555	57.785	0.23874	55.087	0.24441	10.555	44.092	0.40245	41.514	0.43177
10.61	57.781	0.23884	55.084	0.24451	10.61	44.08	0.40183	41.506	0.43116
10.665	57.809	0.23868	55.111	0.24435	10.665	44.124	0.40151	41.548	0.43081
10.721	57.839	0.23911	55.139	0.24478	10.721	44.17	0.40095	41.593	0.43019
10.776	57.872	0.23963	55.172	0.24529	10.776	44.147	0.39953	41.572	0.42879
10.831	57.877	0.23956	55.177	0.24523	10.831	44.189	0.3996	41.614	0.42881
10.886	57.938	0.23951	55.236	0.24517	10.886	44.21	0.39884	41.634	0.42803
10.942	57.921	0.2401	55.219	0.24577	10.942	44.219	0.39868	41.646	0.42782
10.997	58	0.23999	55.295	0.24564	10.997	44.245	0.39778	41.67	0.42692
11.052	57.952	0.24037	55.249	0.24603	11.052	44.264	0.39754	41.688	0.42667
11.107	57.996	0.23996	55.292	0.24562	11.107	44.288	0.39687	41.71	0.42599
11.163	57.978	0.24018	55.275	0.24584	11.163	44.282	0.39672	41.705	0.42581
11.218	58.012	0.23997	55.307	0.24563	11.218	44.311	0.39688	41.732	0.42594
11.273	58.013	0.24021	55.309	0.24587	11.273	44.299	0.39693	41.723	0.42598
11.328	58.078	0.23996	55.37	0.24561	11.328	44.306	0.3964	41.728	0.42543
11.384	58.098	0.23954	55.389	0.24518	11.384	44.307	0.3962	41.73	0.42523
11.439	58.107	0.23942	55.398	0.24506	11.439	44.317	0.39597	41.74	0.42496
11.494	58.113	0.23902	55.404	0.24466	11.494	44.339	0.39626	41.76	0.42524
11.55	58.129	0.23912	55.42	0.24476	11.55	44.344	0.39644	41.767	0.42543
11.605	58.093	0.2391	55.386	0.24474	11.605	44.363	0.39675	41.786	0.4257
11.66	58.103	0.23928	55.395	0.24492	11.66	44.373	0.39667	41.795	0.42563
11.715	58.091	0.23932	55.384	0.24497	11.715	44.379	0.39687	41.802	0.42581
11.771	58.085	0.23927	55.379	0.24491	11.771	44.4	0.39653	41.822	0.4254
11.826	58.059	0.23954	55.355	0.24518	11.826	44.397	0.39647	41.82	0.42533
11.881	58.109	0.23914	55.402	0.24478	11.881	44.433	0.3969	41.855	0.42572
11.936	58.141	0.23913	55.433	0.24477	11.936	44.436	0.39639	41.857	0.42522
11.992	58.175	0.23938	55.465	0.24502	11.992	44.435	0.3957	41.856	0.42454
12.047	58.186	0.23909	55.476	0.24473	12.047	44.455	0.39593	41.875	0.42474
12.102	58.203	0.23876	55.492	0.2444	12.102	44.473	0.39692	41.892	0.42567
12.157	58.161	0.23897	55.452	0.24462	12.157	44.477	0.39775	41.898	0.42649
12.213	58.183	0.23898	55.472	0.24463	12.213	44.491	0.39753	41.911	0.42627
12.268	58.176	0.23903	55.466	0.24468	12.268	44.485	0.39759	41.904	0.42633
12.323	58.204	0.23808	55.492	0.24372	12.323	44.494	0.39853	41.912	0.42728
12.378	58.227	0.23747	55.514	0.2431	12.378	44.494	0.39783	41.908	0.42661
12.434	58.217	0.23758	55.504	0.24322	12.434	44.503	0.39803	41.915	0.42681
12.489	58.163	0.23754	55.453	0.24318	12.489	44.52	0.39905	41.933	0.42784
12.544	58.148	0.23832	55.438	0.24397	12.544	44.503	0.39826	41.915	0.42704
12.599	58.073	0.23844	55.365	0.2441	12.599	44.547	0.39875	41.957	0.4275
12.655	58.041	0.2386	55.334	0.24427	12.655	44.526	0.3991	41.938	0.42785
12.71	58.012	0.23862	55.306	0.24429	12.71	44.558	0.40005	41.97	0.42878
12.765	57.985	0.23869	55.28	0.24437	12.765	44.562	0.39963	41.971	0.42837
12.821	57.984	0.23909	55.279	0.24477	12.821	44.539	0.39825	41.946	0.42702
12.876	57.882	0.23905	55.18	0.24474	12.876	44.542	0.3987	41.948	0.42746
12.931	57.85	0.23889	55.149	0.24458	12.931	44.551	0.39796	41.952	0.42675
12.986	57.798	0.23977	55.099	0.24547	12.986	44.533	0.39738	41.935	0.42613
13.042	57.786	0.24007	55.087	0.24578	13.042	44.566	0.39708	41.965	0.42581
13.097	57.754	0.24001	55.057	0.24573	13.097	44.564	0.39735	41.965	0.42612
13.152	57.746	0.2397	55.049	0.24541	13.152	44.564	0.39686	41.963	0.42564
13.207	57.702	0.23947	55.007	0.24518	13.207	44.602	0.3979	42	0.42665
13.263	57.725	0.23913	55.029	0.24483	13.263	44.579	0.39763	41.977	0.42643
13.318	57.695	0.23888	55	0.24459	13.318	44.569	0.39881	41.969	0.42761
13.373	57.676	0.23888	54.981	0.24459	13.373	44.61	0.39917	42.009	0.42794
13.428	57.661	0.239	54.966	0.24471	13.428	44.598	0.39845	41.994	0.4273
13.484	57.594	0.23935	54.902	0.24507	13.484	44.599	0.39789	41.994	0.42674
13.539	57.547	0.23907	54.856	0.2448	13.539	44.621	0.39886	42.015	0.42765
13.594	57.496	0.23913	54.807	0.24486	13.594	44.616	0.39923	42.008	0.42804
13.649	57.48	0.23928	54.791	0.24502	13.649	44.628	0.39932	42.019	0.42814
13.705	57.466	0.23878	54.777	0.24452	13.705	44.662	0.40001	42.049	0.42883
13.76	57.439	0.23894	54.751	0.24468	13.76	44.636	0.40027	42.023	0.4291
13.815	57.362	0.23898	54.677	0.24473	13.815	44.635	0.40073	42.02	0.42959
13.87	57.349	0.23876	54.664	0.24451	13.87	44.633	0.40138	42.017	0.43024
13.926	57.317	0.23906	54.634	0.24482	13.926	44.603	0.40082	41.986	0.42971
13.981	57.336	0.23893	54.652	0.24469	13.981	44.595	0.40061	41.976	0.42952
14.036	57.257	0.23972	54.576	0.24549	14.036	44.563	0.40127	41.945	0.43014
14.092	57.243	0.2392	54.562	0.24498	14.092	44.602	0.40166	41.981	0.43056
14.147	57.216	0.23985	54.535	0.24563	14.147	44.592	0.40098	41.97	0.42988
14.202	57.185	0.2399	54.505	0.2457	14.202	44.58	0.40125	41.954	0.43018
14.257	57.131	0.24022	54.453	0.24603	14.257	44.579	0.40141	41.955	0.43035
14.313	57.138	0.23985	54.46	0.24565	14.313	44.596	0.401	41.968	0.42996
14.368	57.054	0.24042	54.379	0.24623	14.368	44.559	0.40084	41.931	0.42984
14.423	57.036	0.24007	54.361	0.24588	14.423	44.541	0.40158	41.911	0.43059
14.478	57.003	0.24037	54.329	0.24619	14.478	44.503	0.40083	41.872	0.42988
14.534	56.984	0.24017	54.309	0.24599	14.534	44.513	0.40078	41.88	0.42985
14.589	56.947	0.24041	54.273	0.24623	14.589	44.469	0.40106	41.836	0.43016
14.644	56.876	0.24072	54.206	0.24655	14.644	44.404	0.40111	41.772	0.4303
14.699	56.877	0.24046	54.206	0.24629	14.699	44.42	0.40164	41.786	0.43089
14.755	56.81	0.24087	54.142	0.2467	14.755	44.411	0.40115	41.775	0.43038
14.81	56.774	0.24092	54.107	0.24676	14.81	44.402	0.40109	41.763	0.43035
14.865	56.694	0.24139	54.03	0.24724	14.865	44.385	0.40176	41.745	0.43108
14.92	56.643	0.24142	53.981	0.24728	14.92	44.404	0.40207	41.764	0.43139
14.976	56.622	0.2418	53.961	0.24766	14.976	44.377	0.40195	41.736	0.43128
15.031	56.6	0.2417	53.939	0.24757	15.031	44.379	0.40256	41.737	0.43187
15.086	56.589	0.24201	53.928	0.24789	15.086	44.413	0.40183	41.771	0.43113
15.141	56.517	0.24256	53.859	0.24845	15.141	44.397	0.40176	41.755	0.43105
15.197	56.493	0.24234	53.834	0.24823	15.197	44.435	0.40162	41.787	0.43088
15.252	56.433	0.24252	53.777	0.24843	15.252	44.408	0.4023	41.759	0.4316
15.307	56.374	0.24299	53.72	0.2489	15.307	44.391	0.40202	41.739	0.43136
15.363	56.297	0.24304	53.646	0.24896	15.363	44.336	0.40341	41.685	0.43281
15.418	56.293	0.24294	53.642	0.24886	15.418	44.396	0.40362	41.743	0.43301
15.473	56.257	0.24339	53.607	0.24933	15.473	44.387	0.40343	41.733	0.43285
15.528	56.198	0.24375	53.549	0.2497	15.528	44.367	0.40396	41.714	0.43341
15.584	56.193	0.24401	53.544	0.24996	15.584	44.408	0.40298	41.75	0.43238
15.639	56.169	0.24335	53.521	0.2493	15.639	44.387	0.40409	41.73	0.43355
15.694	56.132	0.24343	53.485	0.24938	15.694	44.386	0.40476	41.728	0.43421
15.749	56.164	0.24308	53.515	0.24903	15.749	44.426	0.40448	41.767	0.43395
15.805	56.124	0.24296	53.476	0.24891	15.805	44.434	0.40571	41.776	0.4352
15.86	56.154	0.24213	53.505	0.24807	15.86	44.471	0.40497	41.808	0.43444
15.915	56.078	0.24277	53.432	0.24872	15.915	44.431	0.40467	41.767	0.43417
15.97	56.116	0.24192	53.468	0.24786	15.97	44.448	0.40505	41.784	0.4346
16.026	56.058	0.24211	53.412	0.24806	16.026	44.49	0.40533	41.823	0.43484
16.081	56.086	0.24197	53.438	0.24792	16.081	44.448	0.4055	41.779	0.43506
16.136	56.081	0.24243	53.434	0.24838	16.136	44.449	0.40498	41.781	0.43455
16.191	56.088	0.2419	53.44	0.24785	16.191	44.44	0.40565	41.77	0.43527
16.247	56.057	0.24199	53.409	0.24793	16.247	44.444	0.40501	41.77	0.43462
16.302	56.06	0.24129	53.411	0.24723	16.302	44.455	0.4061	41.78	0.43572
16.357	56.054	0.2418	53.407	0.24775	16.357	44.432	0.40633	41.758	0.43592
16.412	56.051	0.24109	53.403	0.24704	16.412	44.508	0.40778	41.831	0.43737
16.468	56.026	0.24094	53.379	0.24688	16.468	44.512	0.40783	41.835	0.43744
16.523	55.999	0.24139	53.352	0.24733	16.523	44.477	0.40673	41.798	0.43638
16.578	55.975	0.24133	53.329	0.24728	16.578	44.468	0.40727	41.79	0.43695
16.634	55.97	0.24093	53.323	0.24687	16.634	44.503	0.4071	41.82	0.43677
16.689	55.952	0.24113	53.306	0.24707	16.689	44.53	0.40671	41.846	0.43637
16.744	55.919	0.24163	53.274	0.24757	16.744	44.502	0.40586	41.817	0.43554
16.799	55.878	0.24191	53.235	0.24786	16.799	44.504	0.40623	41.816	0.43587
16.855	55.9	0.24145	53.254	0.24741	16.855	44.537	0.40735	41.847	0.437
16.91	55.858	0.24169	53.214	0.24765	16.91	44.496	0.40845	41.81	0.43817
16.965	55.814	0.24193	53.172	0.24788	16.965	44.535	0.40755	41.845	0.43727
17.02	55.787	0.24123	53.146	0.24717	17.02	44.532	0.40971	41.843	0.43946
17.076	55.777	0.24157	53.136	0.24753	17.076	44.557	0.40968	41.866	0.43939
17.131	55.744	0.24191	53.105	0.24788	17.131	44.525	0.40996	41.835	0.43968
17.186	55.73	0.24184	53.091	0.24781	17.186	44.562	0.40986	41.869	0.43955
17.241	55.744	0.2421	53.104	0.24808	17.241	44.527	0.40944	41.835	0.4392
17.297	55.728	0.24212	53.088	0.24809	17.297	44.522	0.40833	41.83	0.43814
17.352	55.687	0.24154	53.047	0.2475	17.352	44.553	0.40829	41.856	0.438
17.407	55.664	0.24164	53.025	0.2476	17.407	44.543	0.40865	41.846	0.4384
17.462	55.619	0.24139	52.982	0.24735	17.462	44.55	0.4096	41.853	0.43941
17.518	55.593	0.24128	52.955	0.24725	17.518	44.559	0.40854	41.856	0.43831
17.573	55.551	0.24197	52.916	0.24794	17.573	44.524	0.4079	41.82	0.43765
17.628	55.541	0.24162	52.905	0.24759	17.628	44.549	0.40794	41.842	0.43762
17.683	55.527	0.2418	52.891	0.24778	17.683	44.557	0.40817	41.852	0.43786
17.739	55.511	0.24193	52.876	0.24792	17.739	44.554	0.40797	41.848	0.43769
17.794	55.474	0.24235	52.841	0.24834	17.794	44.524	0.40899	41.816	0.43876
17.849	55.452	0.24215	52.819	0.24814	17.849	44.5	0.40934	41.794	0.43918
17.905	55.435	0.24241	52.802	0.24842	17.905	44.488	0.40994	41.78	0.43978
17.96	55.41	0.24314	52.778	0.24915	17.96	44.497	0.40919	41.786	0.43899
18.015	55.377	0.24342	52.745	0.24945	18.015	44.501	0.40923	41.786	0.43907
18.07	55.355	0.24436	52.724	0.2504	18.07	44.537	0.40919	41.82	0.43903
18.126	55.337	0.24444	52.706	0.25048	18.126	44.517	0.40917	41.799	0.43909
18.181	55.326	0.24455	52.695	0.2506	18.181	44.531	0.40871	41.808	0.4386
18.236	55.306	0.24472	52.675	0.25076	18.236	44.521	0.40898	41.797	0.43891
18.291	55.276	0.24535	52.647	0.25141	18.291	44.545	0.4095	41.82	0.43942
18.347	55.292	0.24561	52.662	0.25169	18.347	44.577	0.41031	41.851	0.44018
18.402	55.281	0.24611	52.651	0.25219	18.402	44.575	0.40996	41.847	0.43984
18.457	55.292	0.24676	52.662	0.25284	18.457	44.537	0.4083	41.806	0.43823
18.512	55.253	0.247	52.623	0.2531	18.512	44.544	0.40871	41.811	0.43863
18.568	55.213	0.24708	52.584	0.2532	18.568	44.576	0.41041	41.84	0.44033
18.623	55.179	0.24837	52.551	0.25448	18.623	44.539	0.40729	41.799	0.43732
18.678	55.137	0.24845	52.51	0.25457	18.678	44.554	0.40654	41.815	0.43658
18.733	55.091	0.24848	52.466	0.25459	18.733	44.565	0.40726	41.822	0.43724
18.789	55.061	0.24861	52.436	0.25474	18.789	44.555	0.4079	41.812	0.43792
18.844	55.046	0.24947	52.422	0.25562	18.844	44.555	0.40753	41.807	0.43746
18.899	55.036	0.24933	52.412	0.25547	18.899	44.556	0.40809	41.808	0.43809
18.954	54.998	0.24982	52.375	0.25597	18.954	44.577	0.40711	41.829	0.43717
19.01	54.979	0.24938	52.356	0.25553	19.01	44.559	0.40721	41.811	0.43729
19.065	54.964	0.24962	52.342	0.25578	19.065	44.552	0.40804	41.806	0.43807
19.12	54.964	0.25024	52.341	0.2564	19.12	44.533	0.40788	41.784	0.43798
19.176	54.947	0.2504	52.325	0.25656	19.176	44.469	0.409	41.719	0.43919
19.231	54.913	0.25084	52.291	0.25703	19.231	44.508	0.40913	41.756	0.43932
19.286	54.916	0.2512	52.294	0.25739	19.286	44.455	0.40884	41.703	0.43909
19.341	54.878	0.25153	52.257	0.25772	19.341	44.432	0.40833	41.678	0.43861
19.397	54.859	0.25134	52.238	0.25753	19.397	44.404	0.40846	41.652	0.43883
19.452	54.868	0.25129	52.248	0.25749	19.452	44.371	0.41106	41.618	0.44145
19.507	54.862	0.2507	52.241	0.2569	19.507	44.382	0.41074	41.626	0.44112
19.562	54.791	0.25161	52.173	0.25781	19.562	44.363	0.41069	41.607	0.44111
19.618	54.792	0.25096	52.172	0.25717	19.618	44.398	0.41091	41.639	0.44132
19.673	54.732	0.25166	52.115	0.25787	19.673	44.359	0.41047	41.602	0.44087
19.728	54.769	0.25115	52.149	0.25738	19.728	44.384	0.41134	41.623	0.44175
19.783	54.637	0.25163	52.022	0.25787	19.783	44.303	0.41242	41.543	0.44296
19.839	54.627	0.25152	52.012	0.25777	19.839	44.35	0.41248	41.586	0.44298
19.894	54.599	0.25246	51.985	0.25872	19.894	44.367	0.41261	41.606	0.44317
19.949	54.571	0.25256	51.958	0.25882	19.949	44.352	0.41274	41.589	0.44336
20.004	54.548	0.2525	51.935	0.25876	20.004	44.358	0.41301	41.589	0.44363
20.06	54.505	0.25271	51.892	0.25898	20.06	44.39	0.41174	41.618	0.44231
20.115	54.465	0.253	51.854	0.25929	20.115	44.367	0.41211	41.592	0.44275
20.17	54.391	0.25371	51.782	0.26	20.17	44.342	0.4124	41.568	0.4431
20.225	54.418	0.25358	51.808	0.25988	20.225	44.372	0.4112	41.597	0.44187
20.281	54.34	0.25414	51.732	0.26045	20.281	44.352	0.41255	41.572	0.44323
20.336	54.319	0.25469	51.712	0.26101	20.336	44.323	0.41186	41.543	0.44259
20.391	54.323	0.25452	51.715	0.26084	20.391	44.365	0.41121	41.582	0.44193
20.447	54.279	0.25485	51.672	0.26118	20.447	44.36	0.4119	41.575	0.44262
20.502	54.268	0.25475	51.661	0.26109	20.502	44.338	0.41172	41.55	0.44246
20.557	54.206	0.25515	51.601	0.2615	20.557	44.319	0.411	41.525	0.44174
20.612	54.182	0.2545	51.577	0.26085	20.612	44.388	0.4111	41.589	0.44176
20.668	54.15	0.25542	51.547	0.26178	20.668	44.361	0.41053	41.561	0.44123
20.723	54.121	0.25592	51.518	0.26229	20.723	44.317	0.411	41.52	0.44179
20.778	54.114	0.25583	51.512	0.26221	20.778	44.33	0.41152	41.532	0.44233
20.833	54.067	0.25619	51.466	0.26257	20.833	44.319	0.41165	41.519	0.44245
20.889	54.016	0.25723	51.416	0.26363	20.889	44.305	0.41094	41.504	0.44175
20.944	53.98	0.25688	51.382	0.2633	20.944	44.334	0.41301	41.532	0.44385
20.999	53.995	0.25739	51.396	0.26381	20.999	44.381	0.41222	41.577	0.44309
21.054	54.02	0.25696	51.419	0.26338	21.054	44.399	0.41234	41.591	0.44314
21.11	54.022	0.25847	51.421	0.2649	21.11	44.328	0.41029	41.518	0.44108
21.165	53.941	0.25848	51.342	0.26491	21.165	44.323	0.41201	41.509	0.44292
21.22	53.866	0.25906	51.269	0.26551	21.22	44.296	0.41265	41.482	0.44365
21.275	53.809	0.25919	51.213	0.26566	21.275	44.253	0.41357	41.441	0.44471
21.331	53.752	0.25921	51.158	0.26569	21.331	44.223	0.4155	41.411	0.44672
21.386	53.798	0.2594	51.201	0.26588	21.386	44.219	0.41466	41.402	0.44593
21.441	53.736	0.26006	51.141	0.26655	21.441	44.206	0.41493	41.385	0.44623
21.496	53.74	0.26024	51.145	0.26673	21.496	44.148	0.41472	41.329	0.44611
21.552	53.697	0.26111	51.103	0.26762	21.552	44.125	0.41468	41.305	0.44612
21.607	53.742	0.26112	51.145	0.26763	21.607	44.157	0.41364	41.334	0.44505
21.662	53.664	0.26102	51.07	0.26754	21.662	44.132	0.41495	41.308	0.44637
21.718	53.685	0.26094	51.09	0.26746	21.718	44.154	0.41459	41.328	0.44607
21.773	53.663	0.26204	51.069	0.26858	21.773	44.155	0.41393	41.329	0.4454
