Time	Fascicle Length R1_F1	Pennation Angle R1_F1	Time	Fascicle Length R2_F1	Pennation Angle R2_F1	
0.055261	56.364	0.25273	0.055261	48.786	0.39462
0.11052	56.382	0.25293	0.11052	51.169	0.37536
0.16578	56.407	0.25269	0.16578	51.206	0.37511
0.22104	56.444	0.25277	0.22104	51.285	0.37438
0.2763	56.466	0.25271	0.2763	51.268	0.37465
0.33156	56.467	0.25287	0.33156	51.271	0.37472
0.38683	56.515	0.25235	0.38683	51.392	0.37442
0.44209	56.52	0.25278	0.44209	51.412	0.37439
0.49735	56.516	0.25314	0.49735	51.412	0.37443
0.55261	56.551	0.25269	0.55261	51.457	0.37426
0.60787	56.578	0.25296	0.60787	51.495	0.37339
0.66313	56.615	0.25315	0.66313	51.561	0.37286
0.71839	56.635	0.25339	0.71839	51.587	0.37249
0.77365	56.641	0.25353	0.77365	51.645	0.37236
0.82891	56.68	0.25361	0.82891	51.636	0.37162
0.88417	56.689	0.25371	0.88417	51.687	0.37138
0.93943	56.691	0.25389	0.93943	51.722	0.37148
0.99469	56.73	0.25395	0.99469	51.758	0.37068
1.05	56.743	0.25419	1.05	51.799	0.37011
1.1052	56.743	0.25434	1.1052	51.856	0.36983
1.1605	56.796	0.25442	1.1605	51.928	0.36906
1.2157	56.798	0.25475	1.2157	51.997	0.36819
1.271	56.811	0.25507	1.271	52.072	0.36777
1.3263	56.835	0.25524	1.3263	52.114	0.36728
1.3815	56.867	0.2552	1.3815	52.118	0.36746
1.4368	56.879	0.2551	1.4368	52.153	0.36705
1.492	56.859	0.25533	1.492	52.152	0.367
1.5473	56.898	0.25538	1.5473	52.217	0.36611
1.6026	56.948	0.25501	1.6026	52.31	0.36689
1.6578	56.968	0.25536	1.6578	52.319	0.36658
1.7131	56.98	0.25602	1.7131	52.329	0.36631
1.7683	57.026	0.25602	1.7683	52.35	0.36581
1.8236	57.071	0.25592	1.8236	52.435	0.3645
1.8789	57.097	0.25588	1.8789	52.511	0.36436
1.9341	57.113	0.25595	1.9341	52.541	0.36422
1.9894	57.133	0.25591	1.9894	52.571	0.36405
2.0447	57.162	0.25628	2.0447	52.588	0.36408
2.0999	57.194	0.25655	2.0999	52.618	0.36361
2.1552	57.216	0.25624	2.1552	52.65	0.36375
2.2104	57.233	0.25649	2.2104	52.642	0.36393
2.2657	57.283	0.25661	2.2657	52.692	0.36375
2.321	57.313	0.25659	2.321	52.739	0.36376
2.3762	57.33	0.2567	2.3762	52.734	0.36358
2.4315	57.35	0.25676	2.4315	52.756	0.36348
2.4867	57.418	0.25633	2.4867	52.807	0.36325
2.542	57.434	0.25652	2.542	52.826	0.36307
2.5973	57.465	0.25681	2.5973	52.855	0.36271
2.6525	57.503	0.25636	2.6525	52.891	0.36291
2.7078	57.536	0.25614	2.7078	52.962	0.36311
2.763	57.539	0.25652	2.763	52.995	0.36311
2.8183	57.607	0.25628	2.8183	53.081	0.36267
2.8736	57.628	0.25676	2.8736	53.11	0.36233
2.9288	57.653	0.25746	2.9288	53.125	0.36183
2.9841	57.681	0.25755	2.9841	53.099	0.36198
3.0393	57.766	0.25754	3.0393	53.166	0.36095
3.0946	57.76	0.2577	3.0946	53.183	0.36091
3.1499	57.797	0.2574	3.1499	53.256	0.36051
3.2051	57.842	0.25741	3.2051	53.266	0.36035
3.2604	57.863	0.25764	3.2604	53.271	0.36013
3.3156	57.884	0.25748	3.3156	53.294	0.36051
3.3709	57.917	0.2576	3.3709	53.298	0.36003
3.4262	57.994	0.25774	3.4262	53.348	0.35885
3.4814	58.045	0.25755	3.4814	53.427	0.35852
3.5367	58.022	0.2578	3.5367	53.46	0.35828
3.592	58.041	0.2581	3.592	53.468	0.35827
3.6472	58.07	0.25823	3.6472	53.453	0.35825
3.7025	58.111	0.25862	3.7025	53.466	0.35805
3.7577	58.147	0.25869	3.7577	53.498	0.35749
3.813	58.155	0.25925	3.813	53.513	0.35697
3.8683	58.268	0.25895	3.8683	53.608	0.35602
3.9235	58.246	0.25961	3.9235	53.604	0.3563
3.9788	58.27	0.25986	3.9788	53.677	0.35557
4.034	58.283	0.26007	4.034	53.718	0.35538
4.0893	58.259	0.26021	4.0893	53.69	0.35635
4.1446	58.322	0.26061	4.1446	53.744	0.35577
4.1998	58.334	0.26093	4.1998	53.723	0.35633
4.2551	58.381	0.26022	4.2551	53.83	0.35662
4.3103	58.379	0.26044	4.3103	53.853	0.35699
4.3656	58.383	0.26052	4.3656	53.858	0.35708
4.4209	58.438	0.26027	4.4209	53.918	0.35722
4.4761	58.447	0.26034	4.4761	53.99	0.35691
4.5314	58.444	0.26078	4.5314	53.979	0.35537
4.5866	58.419	0.26035	4.5866	53.933	0.35602
4.6419	58.429	0.25983	4.6419	53.929	0.35569
4.6972	58.475	0.25953	4.6972	53.981	0.35438
4.7524	58.497	0.25956	4.7524	53.996	0.35421
4.8077	58.511	0.25929	4.8077	54.022	0.35424
4.863	58.576	0.25888	4.863	54.094	0.35446
4.9182	58.581	0.25894	4.9182	54.147	0.35502
4.9735	58.594	0.25941	4.9735	54.159	0.35604
5.0287	58.663	0.26013	5.0287	54.214	0.35562
5.084	58.68	0.2604	5.084	54.23	0.35449
5.1393	58.704	0.25988	5.1393	54.237	0.35419
5.1945	58.735	0.2596	5.1945	54.275	0.35296
5.2498	58.769	0.25949	5.2498	54.31	0.35299
5.305	58.758	0.25966	5.305	54.29	0.35305
5.3603	58.779	0.26007	5.3603	54.287	0.35244
5.4156	58.836	0.26005	5.4156	54.307	0.35173
5.4708	58.849	0.26055	5.4708	54.293	0.35241
5.5261	58.894	0.26036	5.5261	54.311	0.35241
5.5813	58.943	0.26043	5.5813	54.316	0.35093
5.6366	58.973	0.26042	5.6366	54.327	0.35087
5.6919	58.991	0.26033	5.6919	54.344	0.35032
5.7471	58.995	0.2602	5.7471	54.329	0.34983
5.8024	59.047	0.25933	5.8024	54.353	0.35002
5.8576	59.091	0.25905	5.8576	54.395	0.34993
5.9129	59.128	0.25974	5.9129	54.409	0.3494
5.9682	59.148	0.26012	5.9682	54.44	0.34908
6.0234	59.176	0.25996	6.0234	54.495	0.34908
6.0787	59.232	0.26036	6.0787	54.543	0.34782
6.134	59.259	0.26087	6.134	54.464	0.34808
6.1892	59.287	0.26093	6.1892	54.487	0.34866
6.2445	59.356	0.26162	6.2445	54.459	0.34739
6.2997	59.393	0.26141	6.2997	54.476	0.34737
6.355	59.444	0.26178	6.355	54.505	0.34688
6.4103	59.438	0.26174	6.4103	54.539	0.34708
6.4655	59.465	0.26226	6.4655	54.558	0.34613
6.5208	59.513	0.26172	6.5208	54.617	0.34615
6.576	59.523	0.26208	6.576	54.601	0.34577
6.6313	59.559	0.26256	6.6313	54.553	0.3462
6.6866	59.603	0.26228	6.6866	54.642	0.34597
6.7418	59.635	0.26298	6.7418	54.683	0.34472
6.7971	59.658	0.263	6.7971	54.719	0.34425
6.8523	59.632	0.26292	6.8523	54.68	0.34515
6.9076	59.722	0.26345	6.9076	54.708	0.34453
6.9629	59.759	0.26372	6.9629	54.694	0.34389
7.0181	59.773	0.26355	7.0181	54.759	0.34386
7.0734	59.771	0.26417	7.0734	54.747	0.34354
7.1286	59.834	0.26481	7.1286	54.719	0.34281
7.1839	59.879	0.26449	7.1839	54.663	0.34355
7.2392	59.887	0.26442	7.2392	54.717	0.34327
7.2944	59.894	0.26431	7.2944	54.729	0.34312
7.3497	59.898	0.26437	7.3497	54.757	0.34281
7.405	59.901	0.26476	7.405	54.753	0.34261
7.4602	59.954	0.26473	7.4602	54.791	0.34201
7.5155	59.978	0.26462	7.5155	54.817	0.34209
7.5707	60.001	0.26497	7.5707	54.836	0.34157
7.626	59.99	0.2652	7.626	54.833	0.34119
7.6813	60.053	0.26528	7.6813	54.907	0.34035
7.7365	60.029	0.26583	7.7365	54.917	0.34051
7.7918	60.043	0.26604	7.7918	54.926	0.3405
7.847	60.074	0.26605	7.847	54.918	0.34056
7.9023	60.111	0.2663	7.9023	54.939	0.34043
7.9576	60.156	0.26598	7.9576	54.981	0.34004
8.0128	60.163	0.26598	8.0128	55.001	0.33975
8.0681	60.195	0.26568	8.0681	54.995	0.3397
8.1233	60.207	0.26579	8.1233	54.985	0.34024
8.1786	60.234	0.26583	8.1786	55.013	0.34066
8.2339	60.277	0.26622	8.2339	55.035	0.34096
8.2891	60.303	0.26652	8.2891	55.048	0.34079
8.3444	60.324	0.2666	8.3444	55.068	0.34022
8.3996	60.337	0.26673	8.3996	55.068	0.34084
8.4549	60.375	0.26638	8.4549	55.102	0.34112
8.5102	60.388	0.26653	8.5102	55.179	0.33969
8.5654	60.371	0.26675	8.5654	55.184	0.33923
8.6207	60.388	0.26676	8.6207	55.303	0.33845
8.676	60.35	0.26702	8.676	55.336	0.33851
8.7312	60.37	0.26728	8.7312	55.336	0.3388
8.7865	60.383	0.26724	8.7865	55.36	0.33899
8.8417	60.374	0.26783	8.8417	55.345	0.33857
8.897	60.419	0.26742	8.897	55.388	0.3388
8.9523	60.447	0.26771	8.9523	55.381	0.33919
9.0075	60.499	0.26802	9.0075	55.421	0.3382
9.0628	60.502	0.26854	9.0628	55.422	0.33807
9.118	60.539	0.26862	9.118	55.483	0.33873
9.1733	60.561	0.26919	9.1733	55.523	0.3384
9.2286	60.579	0.26915	9.2286	55.518	0.33876
9.2838	60.613	0.26942	9.2838	55.486	0.33841
9.3391	60.597	0.27009	9.3391	55.495	0.33903
9.3943	60.566	0.27128	9.3943	55.47	0.3396
9.4496	60.594	0.27201	9.4496	55.486	0.33909
9.5049	60.628	0.27221	9.5049	55.542	0.33874
9.5601	60.629	0.27238	9.5601	55.596	0.33928
9.6154	60.629	0.27228	9.6154	55.579	0.34024
9.6706	60.65	0.27267	9.6706	55.569	0.33989
9.7259	60.677	0.27247	9.7259	55.628	0.33949
9.7812	60.705	0.27233	9.7812	55.684	0.33953
9.8364	60.699	0.27234	9.8364	55.661	0.33965
9.8917	60.728	0.2718	9.8917	55.711	0.33982
9.9469	60.756	0.27182	9.9469	55.72	0.33976
10.002	60.781	0.2718	10.002	55.739	0.33948
10.057	60.802	0.27169	10.057	55.798	0.33957
10.113	60.795	0.27182	10.113	55.784	0.33943
10.168	60.792	0.27228	10.168	55.746	0.33914
10.223	60.83	0.2722	10.223	55.715	0.33943
10.279	60.895	0.27214	10.279	55.796	0.33833
10.334	60.826	0.27232	10.334	55.82	0.33946
10.389	60.856	0.27296	10.389	55.794	0.33889
10.444	60.907	0.27288	10.444	55.834	0.33864
10.5	60.896	0.27302	10.5	55.88	0.33862
10.555	60.898	0.27318	10.555	55.889	0.33827
10.61	60.898	0.27352	10.61	55.87	0.33834
10.665	60.92	0.27333	10.665	55.935	0.3383
10.721	60.949	0.27358	10.721	55.899	0.33865
10.776	60.965	0.27414	10.776	55.92	0.3386
10.831	61.004	0.27408	10.831	55.981	0.33871
10.886	60.988	0.27437	10.886	55.977	0.33868
10.942	61.014	0.27447	10.942	56.011	0.33896
10.997	61.031	0.27521	10.997	56.02	0.3383
11.052	61.034	0.27526	11.052	56.058	0.33827
11.107	61.064	0.27575	11.107	56.069	0.33754
11.163	61.086	0.27583	11.163	56.156	0.33737
11.218	61.091	0.27618	11.218	56.193	0.33746
11.273	61.063	0.27675	11.273	56.247	0.3372
11.328	61.067	0.27738	11.328	56.232	0.33748
11.384	61.123	0.27758	11.384	56.276	0.33726
11.439	61.119	0.27765	11.439	56.28	0.33742
11.494	61.125	0.27739	11.494	56.258	0.33856
11.55	61.169	0.27731	11.55	56.328	0.33838
11.605	61.215	0.27719	11.605	56.404	0.33821
11.66	61.165	0.2785	11.66	56.368	0.33813
11.715	61.212	0.27873	11.715	56.374	0.33861
11.771	61.273	0.27897	11.771	56.43	0.3384
11.826	61.265	0.27956	11.826	56.474	0.33806
11.881	61.318	0.27993	11.881	56.481	0.33844
11.936	61.298	0.28116	11.936	56.476	0.33749
11.992	61.362	0.28043	11.992	56.523	0.33736
12.047	61.345	0.28084	12.047	56.555	0.3369
12.102	61.337	0.28157	12.102	56.51	0.33737
12.157	61.378	0.2815	12.157	56.525	0.33772
12.213	61.395	0.28157	12.213	56.541	0.33749
12.268	61.38	0.28203	12.268	56.529	0.33661
12.323	61.422	0.28152	12.323	56.563	0.33732
12.378	61.42	0.282	12.378	56.549	0.33742
12.434	61.451	0.28216	12.434	56.626	0.33662
12.489	61.473	0.28283	12.489	56.66	0.33629
12.544	61.457	0.28337	12.544	56.615	0.33645
12.599	61.477	0.28336	12.599	56.631	0.33674
12.655	61.527	0.28337	12.655	56.673	0.33626
12.71	61.496	0.2837	12.71	56.709	0.33605
12.765	61.515	0.2843	12.765	56.733	0.33547
12.821	61.544	0.28409	12.821	56.786	0.33487
12.876	61.524	0.28442	12.876	56.769	0.33485
12.931	61.539	0.28477	12.931	56.812	0.33493
12.986	61.522	0.28554	12.986	56.781	0.33577
13.042	61.535	0.28534	13.042	56.811	0.33586
13.097	61.567	0.28616	13.097	56.88	0.33524
13.152	61.558	0.28629	13.152	56.825	0.33488
13.207	61.583	0.28653	13.207	56.826	0.33511
13.263	61.634	0.28677	13.263	56.873	0.33474
13.318	61.589	0.2874	13.318	56.818	0.33495
13.373	61.64	0.2873	13.373	56.861	0.33433
13.428	61.642	0.28748	13.428	56.839	0.33476
13.484	61.669	0.28772	13.484	56.859	0.33437
13.539	61.641	0.28848	13.539	56.826	0.33501
13.594	61.665	0.28824	13.594	56.842	0.33471
13.649	61.712	0.28839	13.649	56.821	0.33369
13.705	61.711	0.28853	13.705	56.862	0.3332
13.76	61.719	0.28875	13.76	56.887	0.33389
13.815	61.717	0.2889	13.815	56.877	0.33376
13.87	61.732	0.28947	13.87	56.94	0.3341
13.926	61.739	0.28996	13.926	56.94	0.33295
13.981	61.751	0.29019	13.981	56.941	0.33285
14.036	61.758	0.29049	14.036	56.964	0.33257
14.092	61.766	0.29057	14.092	56.999	0.3327
14.147	61.793	0.29128	14.147	57.03	0.33258
14.202	61.815	0.29164	14.202	57.032	0.33231
14.257	61.793	0.29249	14.257	56.978	0.33335
14.313	61.807	0.29327	14.313	57.01	0.33383
14.368	61.818	0.29315	14.368	57.059	0.33363
14.423	61.798	0.29366	14.423	57.085	0.33247
14.478	61.858	0.29315	14.478	57.122	0.3318
14.534	61.853	0.2936	14.534	57.166	0.33181
14.589	61.848	0.29422	14.589	57.181	0.33185
14.644	61.835	0.29448	14.644	57.204	0.33249
14.699	61.831	0.2957	14.699	57.217	0.33148
14.755	61.837	0.29545	14.755	57.188	0.33201
14.81	61.856	0.29531	14.81	57.186	0.33178
14.865	61.851	0.29571	14.865	57.191	0.33169
14.92	61.92	0.29486	14.92	57.225	0.33108
14.976	61.913	0.29571	14.976	57.231	0.33151
15.031	61.926	0.29629	15.031	57.299	0.33093
15.086	61.901	0.29629	15.086	57.284	0.33115
15.141	61.895	0.29683	15.141	57.301	0.33108
15.197	61.961	0.29621	15.197	57.319	0.3311
15.252	61.971	0.29673	15.252	57.36	0.33007
15.307	62.011	0.296	15.307	57.353	0.32929
15.363	61.955	0.2966	15.363	57.331	0.32971
15.418	61.992	0.2968	15.418	57.38	0.32963
15.473	62.031	0.29705	15.473	57.394	0.32918
15.528	62.021	0.29794	15.528	57.433	0.32883
15.584	62.005	0.29851	15.584	57.399	0.32824
15.639	62.012	0.29859	15.639	57.412	0.32814
15.694	62.026	0.2988	15.694	57.415	0.32818
15.749	62.055	0.29861	15.749	57.421	0.32752
15.805	62.086	0.29861	15.805	57.394	0.32717
15.86	62.077	0.29876	15.86	57.391	0.32741
15.915	62.078	0.29916	15.915	57.399	0.32755
15.97	62.08	0.29966	15.97	57.424	0.32731
16.026	62.097	0.2998	16.026	57.459	0.32706
16.081	62.068	0.30044	16.081	57.395	0.32711
16.136	62.082	0.30054	16.136	57.389	0.32712
16.191	62.12	0.30039	16.191	57.383	0.32718
16.247	62.148	0.29989	16.247	57.415	0.32716
16.302	62.146	0.30039	16.302	57.444	0.32652
16.357	62.167	0.30072	16.357	57.504	0.32581
16.412	62.098	0.30161	16.412	57.473	0.32595
16.468	62.11	0.30207	16.468	57.494	0.32571
16.523	62.11	0.30247	16.523	57.493	0.32543
16.578	62.107	0.30235	16.578	57.467	0.32467
16.634	62.144	0.3018	16.634	57.457	0.3241
16.689	62.166	0.30161	16.689	57.486	0.32423
16.744	62.17	0.30125	16.744	57.5	0.3242
16.799	62.173	0.30087	16.799	57.466	0.32418
16.855	62.171	0.30096	16.855	57.472	0.32439
16.91	62.198	0.30088	16.91	57.455	0.32482
16.965	62.191	0.301	16.965	57.508	0.3243
17.02	62.196	0.30106	17.02	57.541	0.32336
17.076	62.19	0.30123	17.076	57.556	0.32355
17.131	62.149	0.30178	17.131	57.566	0.32416
17.186	62.152	0.30269	17.186	57.554	0.32447
17.241	62.147	0.30287	17.241	57.558	0.32423
17.297	62.113	0.30327	17.297	57.528	0.32428
17.352	62.136	0.30308	17.352	57.544	0.3235
17.407	62.168	0.30282	17.407	57.567	0.32375
17.462	62.122	0.30358	17.462	57.559	0.32369
17.518	62.123	0.30347	17.518	57.56	0.32406
17.573	62.18	0.30259	17.573	57.621	0.32399
17.628	62.136	0.30347	17.628	57.623	0.32388
17.683	62.109	0.30363	17.683	57.592	0.32415
17.739	62.091	0.30369	17.739	57.585	0.32393
17.794	62.134	0.30283	17.794	57.644	0.32425
17.849	62.143	0.30211	17.849	57.703	0.32275
17.905	62.101	0.30223	17.905	57.633	0.32462
17.96	62.089	0.30317	17.96	57.653	0.32378
18.015	62.086	0.30336	18.015	57.689	0.32412
18.07	62.063	0.30358	18.07	57.701	0.32416
18.126	62.014	0.30403	18.126	57.668	0.32377
18.181	62.031	0.30371	18.181	57.641	0.3243
18.236	62.035	0.30364	18.236	57.635	0.32455
18.291	62.013	0.30348	18.291	57.604	0.32442
18.347	62.006	0.30378	18.347	57.597	0.32424
18.402	62.039	0.30308	18.402	57.587	0.32438
18.457	62.012	0.30313	18.457	57.585	0.3246
18.512	61.992	0.3032	18.512	57.56	0.32459
18.568	62.015	0.30314	18.568	57.541	0.32407
18.623	62.049	0.30279	18.623	57.557	0.3243
18.678	62.028	0.30271	18.678	57.587	0.32348
18.733	61.953	0.30283	18.733	57.553	0.32427
18.789	61.935	0.30242	18.789	57.562	0.32536
18.844	61.942	0.30239	18.844	57.59	0.32552
18.899	61.956	0.30266	18.899	57.579	0.32498
18.954	61.91	0.30239	18.954	57.536	0.32554
19.01	61.891	0.30245	19.01	57.512	0.32559
19.065	61.878	0.30208	19.065	57.52	0.32572
19.12	61.869	0.30209	19.12	57.503	0.32635
19.176	61.867	0.30181	19.176	57.455	0.32661
19.231	61.899	0.30131	19.231	57.476	0.32596
19.286	61.884	0.30083	19.286	57.444	0.32605
19.341	61.854	0.30044	19.341	57.413	0.32665
19.397	61.834	0.30016	19.397	57.393	0.32693
19.452	61.878	0.29984	19.452	57.384	0.32607
19.507	61.862	0.29937	19.507	57.402	0.3267
19.562	61.832	0.29928	19.562	57.413	0.3267
19.618	61.792	0.29907	19.618	57.399	0.32707
19.673	61.836	0.29873	19.673	57.437	0.32647
19.728	61.761	0.29899	19.728	57.381	0.32695
19.783	61.751	0.2987	19.783	57.407	0.3268
19.839	61.74	0.29826	19.839	57.401	0.32696
19.894	61.745	0.29802	19.894	57.379	0.32742
19.949	61.758	0.29781	19.949	57.38	0.32696
20.004	61.725	0.29827	20.004	57.372	0.32673
20.06	61.71	0.2981	20.06	57.387	0.32655
20.115	61.652	0.29823	20.115	57.381	0.3269
20.17	61.65	0.29827	20.17	57.371	0.32738
20.225	61.656	0.29802	20.225	57.429	0.32671
20.281	61.616	0.29817	20.281	57.412	0.3264
20.336	61.605	0.29752	20.336	57.453	0.32663
20.391	61.574	0.29747	20.391	57.467	0.32695
20.447	61.54	0.2976	20.447	57.448	0.32704
20.502	61.55	0.29792	20.502	57.458	0.32632
20.557	61.516	0.29773	20.557	57.445	0.32653
20.612	61.471	0.29799	20.612	57.396	0.32694
20.668	61.445	0.29744	20.668	57.356	0.32809
20.723	61.423	0.29719	20.723	57.321	0.32803
20.778	61.469	0.29687	20.778	57.338	0.32809
20.833	61.431	0.29655	20.833	57.318	0.32833
20.889	61.409	0.29666	20.889	57.318	0.32776
20.944	61.403	0.29675	20.944	57.348	0.32769
20.999	61.392	0.29646	20.999	57.337	0.32775
21.054	61.36	0.29617	21.054	57.347	0.32795
21.11	61.382	0.29662	21.11	57.35	0.32698
21.165	61.332	0.29662	21.165	57.314	0.3269
21.22	61.343	0.29649	21.22	57.339	0.3264
21.275	61.311	0.29592	21.275	57.342	0.32703
21.331	61.337	0.2953	21.331	57.359	0.3275
21.386	61.291	0.29569	21.386	57.384	0.32708
21.441	61.246	0.29531	21.441	57.349	0.32745
21.496	61.286	0.29511	21.496	57.403	0.32621
21.552	61.197	0.29562	21.552	57.35	0.32567
21.607	61.175	0.29544	21.607	57.309	0.32615
21.662	61.196	0.29516	21.662	57.35	0.3261
