Time	Fascicle Length R1_F1	Pennation Angle R1_F1	Fascicle Length R1_F2	Pennation Angle R1_F2	Time	Fascicle Length R2_F1	Pennation Angle R2_F1	
0.055261	46.303	0.27107	46.294	0.26163	0.055261	28.598	0.59828
0.11052	50.211	0.26036	46.28	0.26167	0.11052	28.577	0.599
0.16578	50.23	0.26009	46.298	0.2614	0.16578	28.605	0.59943
0.22104	50.22	0.25965	46.289	0.26095	0.22104	28.616	0.60034
0.2763	50.208	0.25995	46.278	0.26125	0.2763	28.595	0.60072
0.33156	50.209	0.25979	46.279	0.26109	0.33156	28.607	0.60095
0.38683	50.22	0.26017	46.289	0.26147	0.38683	28.599	0.60084
0.44209	50.208	0.25932	46.278	0.26062	0.44209	28.615	0.60175
0.49735	50.221	0.25933	46.29	0.26062	0.49735	28.613	0.60141
0.55261	50.221	0.25925	46.289	0.26055	0.55261	28.623	0.60183
0.60787	50.214	0.25897	46.284	0.26026	0.60787	28.641	0.60239
0.66313	50.25	0.25879	46.317	0.26009	0.66313	28.654	0.60171
0.71839	50.236	0.25911	46.304	0.2604	0.71839	28.658	0.60169
0.77365	50.244	0.25861	46.311	0.25991	0.77365	28.683	0.60155
0.82891	50.248	0.25852	46.315	0.25981	0.82891	28.708	0.60211
0.88417	50.234	0.25884	46.303	0.26013	0.88417	28.706	0.60205
0.93943	50.25	0.25874	46.318	0.26003	0.93943	28.705	0.60183
0.99469	50.256	0.25911	46.323	0.2604	0.99469	28.706	0.60162
1.05	50.266	0.25886	46.332	0.26015	1.05	28.709	0.6017
1.1052	50.251	0.25927	46.318	0.26056	1.1052	28.692	0.6018
1.1605	50.27	0.25971	46.336	0.261	1.1605	28.705	0.60088
1.2157	50.266	0.25944	46.332	0.26073	1.2157	28.71	0.60098
1.271	50.258	0.25935	46.325	0.26064	1.271	28.702	0.60114
1.3263	50.279	0.25921	46.345	0.2605	1.3263	28.726	0.60051
1.3815	50.281	0.25914	46.346	0.26042	1.3815	28.715	0.60182
1.4368	50.282	0.25973	46.347	0.26102	1.4368	28.711	0.60122
1.492	50.288	0.26	46.353	0.26129	1.492	28.71	0.60135
1.5473	50.293	0.2598	46.357	0.26109	1.5473	28.718	0.60223
1.6026	50.306	0.25965	46.369	0.26093	1.6026	28.73	0.60165
1.6578	50.309	0.25963	46.372	0.26092	1.6578	28.735	0.60189
1.7131	50.328	0.25968	46.39	0.26097	1.7131	28.741	0.60129
1.7683	50.327	0.25988	46.39	0.26117	1.7683	28.75	0.60058
1.8236	50.342	0.25962	46.403	0.2609	1.8236	28.738	0.60122
1.8789	50.341	0.25965	46.402	0.26093	1.8789	28.731	0.6013
1.9341	50.332	0.26015	46.394	0.26144	1.9341	28.748	0.60065
1.9894	50.325	0.26029	46.388	0.26158	1.9894	28.739	0.60066
2.0447	50.326	0.26061	46.388	0.26189	2.0447	28.739	0.6006
2.0999	50.331	0.26065	46.393	0.26194	2.0999	28.742	0.59973
2.1552	50.335	0.26062	46.397	0.2619	2.1552	28.749	0.59978
2.2104	50.332	0.26043	46.394	0.26171	2.2104	28.746	0.60058
2.2657	50.347	0.2607	46.408	0.26198	2.2657	28.766	0.60028
2.321	50.331	0.26082	46.393	0.2621	2.321	28.757	0.60042
2.3762	50.337	0.26084	46.398	0.26212	2.3762	28.764	0.59999
2.4315	50.35	0.2608	46.411	0.26208	2.4315	28.784	0.6002
2.4867	50.354	0.26126	46.414	0.26255	2.4867	28.783	0.59973
2.542	50.399	0.26139	46.456	0.26266	2.542	28.795	0.59941
2.5973	50.394	0.26164	46.452	0.26292	2.5973	28.784	0.59941
2.6525	50.422	0.2611	46.478	0.26238	2.6525	28.803	0.59996
2.7078	50.435	0.26122	46.49	0.2625	2.7078	28.84	0.59945
2.763	50.434	0.26161	46.489	0.26289	2.763	28.842	0.59911
2.8183	50.451	0.2615	46.505	0.26278	2.8183	28.836	0.59914
2.8736	50.484	0.26134	46.536	0.26261	2.8736	28.868	0.5991
2.9288	50.486	0.26134	46.537	0.26261	2.9288	28.859	0.59859
2.9841	50.489	0.26078	46.54	0.26205	2.9841	28.885	0.59884
3.0393	50.491	0.26081	46.542	0.26208	3.0393	28.874	0.60008
3.0946	50.505	0.26029	46.555	0.26156	3.0946	28.898	0.60067
3.1499	50.486	0.26092	46.537	0.26219	3.1499	28.878	0.60126
3.2051	50.509	0.26076	46.558	0.26203	3.2051	28.879	0.60025
3.2604	50.522	0.26067	46.571	0.26194	3.2604	28.901	0.59949
3.3156	50.518	0.26079	46.567	0.26206	3.3156	28.9	0.59952
3.3709	50.506	0.26101	46.556	0.26228	3.3709	28.898	0.5995
3.4262	50.513	0.26108	46.563	0.26235	3.4262	28.896	0.59944
3.4814	50.528	0.26093	46.577	0.2622	3.4814	28.896	0.5998
3.5367	50.525	0.26079	46.573	0.26206	3.5367	28.907	0.60004
3.592	50.499	0.26116	46.55	0.26243	3.592	28.897	0.60116
3.6472	50.519	0.26139	46.568	0.26266	3.6472	28.891	0.60056
3.7025	50.519	0.26154	46.568	0.26281	3.7025	28.896	0.60025
3.7577	50.529	0.26156	46.577	0.26283	3.7577	28.901	0.60017
3.813	50.538	0.26165	46.586	0.26292	3.813	28.923	0.59988
3.8683	50.536	0.26177	46.584	0.26304	3.8683	28.927	0.60005
3.9235	50.544	0.26209	46.592	0.26336	3.9235	28.935	0.59981
3.9788	50.55	0.26197	46.597	0.26325	3.9788	28.959	0.59963
4.034	50.56	0.26214	46.607	0.26341	4.034	28.941	0.59871
4.0893	50.584	0.262	46.628	0.26326	4.0893	28.969	0.59889
4.1446	50.597	0.26181	46.641	0.26307	4.1446	28.955	0.59902
4.1998	50.599	0.26216	46.642	0.26343	4.1998	28.926	0.5995
4.2551	50.634	0.26236	46.674	0.26363	4.2551	28.939	0.5986
4.3103	50.666	0.26209	46.705	0.26336	4.3103	28.974	0.59802
4.3656	50.671	0.26233	46.709	0.2636	4.3656	28.951	0.59775
4.4209	50.683	0.26227	46.72	0.26354	4.4209	28.943	0.59719
4.4761	50.679	0.2622	46.716	0.26347	4.4761	28.961	0.59744
4.5314	50.704	0.2623	46.739	0.26356	4.5314	28.99	0.59779
4.5866	50.729	0.26216	46.763	0.26343	4.5866	28.995	0.59781
4.6419	50.739	0.26247	46.772	0.26374	4.6419	29.003	0.59757
4.6972	50.771	0.26266	46.801	0.26393	4.6972	29.037	0.59768
4.7524	50.743	0.26284	46.776	0.2641	4.7524	29.015	0.59856
4.8077	50.758	0.26297	46.79	0.26424	4.8077	28.999	0.59867
4.863	50.775	0.263	46.806	0.26427	4.863	29.019	0.59935
4.9182	50.786	0.26308	46.815	0.26435	4.9182	29.045	0.59923
4.9735	50.811	0.26329	46.839	0.26455	4.9735	29.05	0.59875
5.0287	50.829	0.26334	46.855	0.2646	5.0287	29.091	0.59865
5.084	50.842	0.26384	46.868	0.26511	5.084	29.096	0.59806
5.1393	50.851	0.26369	46.876	0.26495	5.1393	29.095	0.59858
5.1945	50.882	0.26395	46.905	0.26522	5.1945	29.117	0.59814
5.2498	50.887	0.26401	46.909	0.26528	5.2498	29.11	0.59861
5.305	50.883	0.26417	46.905	0.26544	5.305	29.118	0.59848
5.3603	50.904	0.26451	46.925	0.26578	5.3603	29.112	0.59828
5.4156	50.918	0.26531	46.938	0.26658	5.4156	29.12	0.59697
5.4708	50.937	0.26486	46.955	0.26613	5.4708	29.15	0.59689
5.5261	50.942	0.26533	46.96	0.2666	5.5261	29.153	0.59689
5.5813	50.963	0.26543	46.979	0.2667	5.5813	29.155	0.59665
5.6366	51.001	0.2656	47.015	0.26687	5.6366	29.174	0.59605
5.6919	50.995	0.26553	47.009	0.2668	5.6919	29.18	0.59622
5.7471	50.997	0.2656	47.012	0.26687	5.7471	29.193	0.59604
5.8024	51.033	0.26567	47.044	0.26693	5.8024	29.218	0.59551
5.8576	51.032	0.26553	47.044	0.26679	5.8576	29.25	0.59579
5.9129	51.063	0.26612	47.072	0.26738	5.9129	29.231	0.59501
5.9682	51.116	0.26587	47.121	0.26713	5.9682	29.258	0.59423
6.0234	51.118	0.26611	47.124	0.26737	6.0234	29.287	0.59412
6.0787	51.165	0.26621	47.167	0.26747	6.0787	29.316	0.59424
6.134	51.196	0.26651	47.196	0.26777	6.134	29.335	0.59383
6.1892	51.194	0.26613	47.194	0.26739	6.1892	29.323	0.59449
6.2445	51.22	0.26596	47.217	0.26722	6.2445	29.38	0.59374
6.2997	51.24	0.26577	47.236	0.26703	6.2997	29.38	0.59379
6.355	51.204	0.26612	47.203	0.26738	6.355	29.359	0.59429
6.4103	51.251	0.26622	47.246	0.26748	6.4103	29.388	0.59324
6.4655	51.259	0.26631	47.254	0.26757	6.4655	29.368	0.59286
6.5208	51.284	0.26646	47.278	0.26772	6.5208	29.367	0.59341
6.576	51.299	0.26653	47.291	0.26778	6.576	29.379	0.5935
6.6313	51.348	0.26691	47.337	0.26817	6.6313	29.405	0.59155
6.6866	51.345	0.26698	47.333	0.26823	6.6866	29.404	0.59242
6.7418	51.347	0.2668	47.335	0.26806	6.7418	29.435	0.59244
6.7971	51.356	0.26732	47.344	0.26858	6.7971	29.414	0.59213
6.8523	51.363	0.26771	47.35	0.26897	6.8523	29.419	0.59172
6.9076	51.384	0.26823	47.369	0.26949	6.9076	29.434	0.59138
6.9629	51.362	0.26902	47.349	0.27027	6.9629	29.431	0.5909
7.0181	51.385	0.26951	47.37	0.27076	7.0181	29.462	0.59023
7.0734	51.4	0.26963	47.384	0.27089	7.0734	29.438	0.58981
7.1286	51.413	0.27022	47.397	0.27148	7.1286	29.411	0.58981
7.1839	51.423	0.27011	47.406	0.27137	7.1839	29.419	0.58971
7.2392	51.444	0.26993	47.425	0.27118	7.2392	29.438	0.58994
7.2944	51.469	0.27017	47.448	0.27142	7.2944	29.405	0.58992
7.3497	51.474	0.2707	47.453	0.27196	7.3497	29.42	0.58892
7.405	51.481	0.27078	47.46	0.27204	7.405	29.425	0.58898
7.4602	51.475	0.27092	47.454	0.27218	7.4602	29.439	0.5882
7.5155	51.485	0.27075	47.464	0.27201	7.5155	29.444	0.58845
7.5707	51.501	0.27092	47.478	0.27218	7.5707	29.431	0.58746
7.626	51.532	0.27166	47.507	0.27292	7.626	29.416	0.58705
7.6813	51.574	0.27194	47.545	0.2732	7.6813	29.426	0.58637
7.7365	51.615	0.27178	47.584	0.27304	7.7365	29.448	0.58569
7.7918	51.615	0.27162	47.583	0.27288	7.7918	29.47	0.58585
7.847	51.639	0.27219	47.606	0.27345	7.847	29.433	0.58658
7.9023	51.673	0.27259	47.637	0.27385	7.9023	29.462	0.5856
7.9576	51.683	0.27279	47.647	0.27405	7.9576	29.442	0.58561
8.0128	51.732	0.27227	47.692	0.27353	8.0128	29.49	0.58445
8.0681	51.763	0.27321	47.721	0.27447	8.0681	29.488	0.58362
8.1233	51.774	0.2733	47.731	0.27455	8.1233	29.478	0.58395
8.1786	51.822	0.27324	47.775	0.2745	8.1786	29.501	0.58376
8.2339	51.831	0.2733	47.783	0.27456	8.2339	29.492	0.58358
8.2891	51.827	0.27358	47.78	0.27484	8.2891	29.468	0.58381
8.3444	51.845	0.27354	47.797	0.2748	8.3444	29.477	0.58355
8.3996	51.847	0.27353	47.798	0.27479	8.3996	29.449	0.58397
8.4549	51.861	0.27341	47.811	0.27466	8.4549	29.471	0.5838
8.5102	51.875	0.27374	47.825	0.275	8.5102	29.462	0.58366
8.5654	51.918	0.27374	47.864	0.27499	8.5654	29.484	0.58255
8.6207	51.934	0.27428	47.879	0.27554	8.6207	29.502	0.58141
8.676	51.996	0.27468	47.936	0.27594	8.676	29.492	0.58137
8.7312	51.996	0.27472	47.936	0.27597	8.7312	29.503	0.58088
8.7865	52.026	0.27537	47.964	0.27662	8.7865	29.481	0.58066
8.8417	52.046	0.27511	47.982	0.27636	8.8417	29.509	0.58048
8.897	52.02	0.27524	47.958	0.2765	8.897	29.517	0.58015
8.9523	52.045	0.27557	47.982	0.27682	8.9523	29.513	0.58057
9.0075	52.06	0.27579	47.995	0.27705	9.0075	29.522	0.58037
9.0628	52.086	0.27581	48.019	0.27707	9.0628	29.518	0.58044
9.118	52.095	0.2762	48.028	0.27745	9.118	29.51	0.57961
9.1733	52.111	0.27637	48.043	0.27762	9.1733	29.509	0.5788
9.2286	52.156	0.27607	48.085	0.27732	9.2286	29.527	0.5786
9.2838	52.17	0.27633	48.098	0.27759	9.2838	29.521	0.57844
9.3391	52.172	0.27659	48.099	0.27784	9.3391	29.545	0.57797
9.3943	52.194	0.27676	48.12	0.27801	9.3943	29.557	0.5771
9.4496	52.206	0.27669	48.131	0.27795	9.4496	29.562	0.57649
9.5049	52.204	0.27689	48.13	0.27815	9.5049	29.558	0.57696
9.5601	52.237	0.27719	48.16	0.27844	9.5601	29.539	0.57814
9.6154	52.263	0.27713	48.184	0.27838	9.6154	29.551	0.57766
9.6706	52.267	0.27765	48.187	0.2789	9.6706	29.551	0.577
9.7259	52.281	0.27769	48.201	0.27894	9.7259	29.537	0.57659
9.7812	52.307	0.27775	48.225	0.279	9.7812	29.542	0.57605
9.8364	52.334	0.27729	48.25	0.27854	9.8364	29.583	0.57648
9.8917	52.324	0.27816	48.241	0.27941	9.8917	29.569	0.5755
9.9469	52.31	0.27861	48.228	0.27986	9.9469	29.547	0.57541
10.002	52.321	0.27856	48.238	0.27981	10.002	29.533	0.57545
10.057	52.345	0.27879	48.26	0.28004	10.057	29.531	0.57538
10.113	52.348	0.27898	48.263	0.28023	10.113	29.536	0.57559
10.168	52.366	0.27913	48.279	0.28039	10.168	29.558	0.57511
10.223	52.372	0.27915	48.285	0.2804	10.223	29.588	0.57465
10.279	52.366	0.27892	48.279	0.28018	10.279	29.596	0.57517
10.334	52.377	0.27912	48.29	0.28037	10.334	29.596	0.57476
10.389	52.395	0.27865	48.306	0.2799	10.389	29.608	0.57506
10.444	52.389	0.2785	48.3	0.27975	10.444	29.635	0.57517
10.5	52.389	0.27873	48.301	0.27998	10.5	29.646	0.57535
10.555	52.409	0.27807	48.319	0.27933	10.555	29.699	0.57511
10.61	52.399	0.27828	48.31	0.27953	10.61	29.682	0.57529
10.665	52.408	0.27814	48.318	0.27939	10.665	29.72	0.57473
10.721	52.42	0.27809	48.329	0.27934	10.721	29.746	0.57465
10.776	52.437	0.27827	48.345	0.27952	10.776	29.739	0.57423
10.831	52.442	0.27787	48.35	0.27912	10.831	29.781	0.57451
10.886	52.448	0.27812	48.356	0.27937	10.886	29.755	0.57416
10.942	52.469	0.27818	48.375	0.27943	10.942	29.774	0.57376
10.997	52.455	0.27828	48.362	0.27953	10.997	29.8	0.57389
11.052	52.492	0.27819	48.396	0.27944	11.052	29.808	0.57408
11.107	52.481	0.27905	48.386	0.2803	11.107	29.803	0.5731
11.163	52.521	0.27914	48.423	0.28039	11.163	29.823	0.57363
11.218	52.505	0.27965	48.408	0.2809	11.218	29.851	0.5732
11.273	52.522	0.2802	48.424	0.28145	11.273	29.809	0.57276
11.328	52.535	0.28039	48.436	0.28164	11.328	29.801	0.57252
11.384	52.544	0.28053	48.445	0.28178	11.384	29.794	0.5728
11.439	52.563	0.2805	48.462	0.28175	11.439	29.794	0.57274
11.494	52.569	0.28183	48.468	0.28308	11.494	29.757	0.57199
11.55	52.576	0.28235	48.474	0.2836	11.55	29.76	0.57178
11.605	52.601	0.28267	48.497	0.28392	11.605	29.774	0.5715
11.66	52.616	0.28308	48.511	0.28434	11.66	29.744	0.57118
11.715	52.651	0.28358	48.543	0.28483	11.715	29.753	0.57015
11.771	52.69	0.28358	48.58	0.28483	11.771	29.777	0.56982
11.826	52.721	0.28322	48.608	0.28447	11.826	29.775	0.57033
11.881	52.738	0.28382	48.624	0.28507	11.881	29.759	0.57047
11.936	52.778	0.28401	48.661	0.28526	11.936	29.735	0.57049
11.992	52.795	0.28407	48.676	0.28532	11.992	29.741	0.5703
12.047	52.808	0.28494	48.689	0.28619	12.047	29.735	0.57036
12.102	52.818	0.28543	48.698	0.28668	12.102	29.749	0.57069
12.157	52.811	0.28584	48.692	0.28709	12.157	29.783	0.56986
12.213	52.849	0.28604	48.727	0.28729	12.213	29.774	0.57008
12.268	52.866	0.28597	48.743	0.28722	12.268	29.768	0.57066
12.323	52.862	0.28681	48.739	0.28807	12.323	29.754	0.57031
12.378	52.887	0.28727	48.763	0.28852	12.378	29.756	0.56996
12.434	52.884	0.28774	48.759	0.289	12.434	29.732	0.57028
12.489	52.921	0.28782	48.793	0.28907	12.489	29.705	0.57041
12.544	52.921	0.2882	48.794	0.28945	12.544	29.706	0.57021
12.599	52.918	0.28834	48.791	0.28959	12.599	29.73	0.57001
12.655	52.907	0.28871	48.781	0.28996	12.655	29.754	0.56951
12.71	52.889	0.28873	48.764	0.28998	12.71	29.768	0.57038
12.765	52.918	0.28864	48.791	0.28989	12.765	29.792	0.5708
12.821	52.913	0.28898	48.787	0.29023	12.821	29.8	0.57062
12.876	52.938	0.28922	48.809	0.29047	12.876	29.838	0.57024
12.931	52.946	0.28945	48.817	0.2907	12.931	29.801	0.57135
12.986	52.947	0.28959	48.818	0.29084	12.986	29.821	0.57127
13.042	52.954	0.2902	48.825	0.29145	13.042	29.802	0.57131
13.097	52.942	0.29008	48.814	0.29133	13.097	29.785	0.57149
13.152	52.951	0.28978	48.822	0.29103	13.152	29.805	0.57199
13.207	52.973	0.28992	48.842	0.29117	13.207	29.79	0.57178
13.263	52.958	0.28961	48.828	0.29086	13.263	29.8	0.57191
13.318	52.957	0.28983	48.827	0.29108	13.318	29.783	0.57175
13.373	52.945	0.28943	48.816	0.29068	13.373	29.807	0.57189
13.428	52.952	0.28944	48.822	0.29069	13.428	29.783	0.57235
13.484	52.96	0.28914	48.831	0.29038	13.484	29.814	0.5721
13.539	52.983	0.28905	48.851	0.2903	13.539	29.81	0.57189
13.594	52.996	0.28875	48.863	0.28999	13.594	29.838	0.57215
13.649	52.992	0.28833	48.859	0.28958	13.649	29.847	0.5731
13.705	52.983	0.28858	48.852	0.28983	13.705	29.84	0.57228
13.76	52.982	0.28856	48.85	0.28981	13.76	29.853	0.57301
13.815	52.997	0.28835	48.864	0.28959	13.815	29.878	0.57328
13.87	53.001	0.28854	48.868	0.28979	13.87	29.865	0.5727
13.926	52.987	0.28845	48.855	0.2897	13.926	29.87	0.57314
13.981	53.03	0.28839	48.895	0.28964	13.981	29.856	0.57319
14.036	53.036	0.28864	48.9	0.28989	14.036	29.826	0.57316
14.092	53.036	0.28797	48.901	0.28922	14.092	29.821	0.57341
14.147	53.038	0.28745	48.902	0.2887	14.147	29.832	0.57384
14.202	53.064	0.28715	48.926	0.2884	14.202	29.839	0.57375
14.257	53.087	0.28748	48.948	0.28872	14.257	29.855	0.57273
14.313	53.06	0.287	48.922	0.28824	14.313	29.871	0.57294
14.368	53.076	0.28627	48.937	0.28751	14.368	29.854	0.57265
14.423	53.128	0.28534	48.985	0.28657	14.423	29.835	0.57338
14.478	53.164	0.28473	49.019	0.28597	14.478	29.813	0.57339
14.534	53.155	0.28486	49.011	0.2861	14.534	29.824	0.5725
14.589	53.133	0.28429	48.99	0.28552	14.589	29.821	0.57273
14.644	53.125	0.28371	48.982	0.28495	14.644	29.818	0.57333
14.699	53.135	0.28366	48.992	0.28489	14.699	29.838	0.57256
14.755	53.149	0.2836	49.005	0.28484	14.755	29.825	0.57228
14.81	53.146	0.28312	49.002	0.28436	14.81	29.803	0.57302
14.865	53.135	0.28287	48.992	0.28411	14.865	29.775	0.57249
14.92	53.137	0.2824	48.994	0.28363	14.92	29.808	0.57223
14.976	53.134	0.2823	48.991	0.28353	14.976	29.801	0.5718
15.031	53.128	0.28129	48.985	0.28253	15.031	29.816	0.57255
15.086	53.127	0.2811	48.984	0.28233	15.086	29.835	0.57315
15.141	53.123	0.28114	48.98	0.28237	15.141	29.846	0.57257
15.197	53.094	0.28096	48.954	0.2822	15.197	29.84	0.57295
15.252	53.117	0.28065	48.975	0.28188	15.252	29.838	0.57293
15.307	53.094	0.28012	48.953	0.28135	15.307	29.816	0.57282
15.363	53.088	0.28008	48.948	0.28132	15.363	29.81	0.57344
15.418	53.088	0.27974	48.948	0.28097	15.418	29.84	0.57406
15.473	53.067	0.27955	48.929	0.28078	15.473	29.814	0.57398
15.528	53.092	0.2789	48.952	0.28013	15.528	29.844	0.57389
15.584	53.05	0.27879	48.913	0.28002	15.584	29.868	0.57478
15.639	53.078	0.27857	48.939	0.2798	15.639	29.942	0.57375
15.694	53.036	0.27843	48.9	0.27966	15.694	29.903	0.57376
15.749	53.05	0.27851	48.913	0.27974	15.749	29.896	0.57344
15.805	53.028	0.27834	48.893	0.27957	15.805	29.861	0.57424
15.86	53.008	0.27818	48.874	0.27941	15.86	29.87	0.57415
15.915	53.013	0.27791	48.879	0.27915	15.915	29.882	0.57437
15.97	53.005	0.27801	48.871	0.27925	15.97	29.877	0.57403
16.026	52.986	0.27805	48.854	0.27928	16.026	29.884	0.57408
16.081	52.967	0.2783	48.837	0.27953	16.081	29.892	0.57469
16.136	52.986	0.27808	48.854	0.27931	16.136	29.894	0.57461
16.191	53	0.27802	48.867	0.27925	16.191	29.897	0.57367
16.247	52.982	0.27789	48.85	0.27912	16.247	29.878	0.57369
16.302	52.976	0.2775	48.845	0.27873	16.302	29.889	0.57395
16.357	52.966	0.27756	48.835	0.27879	16.357	29.899	0.57375
16.412	52.95	0.27789	48.82	0.27912	16.412	29.858	0.57404
16.468	52.928	0.27786	48.8	0.27909	16.468	29.874	0.57347
16.523	52.948	0.27718	48.819	0.27841	16.523	29.888	0.57406
16.578	52.911	0.2772	48.784	0.27843	16.578	29.875	0.57419
16.634	52.907	0.27722	48.78	0.27845	16.634	29.87	0.57367
16.689	52.937	0.27723	48.808	0.27846	16.689	29.829	0.57443
16.744	52.88	0.27678	48.755	0.27801	16.744	29.836	0.57588
16.799	52.874	0.27618	48.75	0.27741	16.799	29.838	0.57581
16.855	52.875	0.27611	48.751	0.27734	16.855	29.837	0.57504
16.91	52.879	0.27586	48.755	0.27709	16.91	29.827	0.57574
16.965	52.884	0.27545	48.759	0.27668	16.965	29.846	0.57576
17.02	52.839	0.2768	48.717	0.27803	17.02	29.821	0.57404
17.076	52.827	0.27667	48.707	0.2779	17.076	29.831	0.57349
17.131	52.812	0.27586	48.693	0.27709	17.131	29.867	0.57409
17.186	52.794	0.27586	48.676	0.27709	17.186	29.862	0.57393
17.241	52.788	0.27584	48.67	0.27707	17.241	29.859	0.5734
17.297	52.793	0.27545	48.675	0.27668	17.297	29.834	0.57251
17.352	52.767	0.275	48.651	0.27623	17.352	29.865	0.57306
17.407	52.745	0.27451	48.631	0.27573	17.407	29.877	0.57405
17.462	52.722	0.27387	48.609	0.2751	17.462	29.858	0.57532
17.518	52.721	0.27339	48.608	0.27462	17.518	29.835	0.57509
17.573	52.715	0.27286	48.603	0.27409	17.573	29.795	0.57533
17.628	52.703	0.27256	48.592	0.27379	17.628	29.79	0.57554
17.683	52.718	0.27245	48.605	0.27367	17.683	29.811	0.57519
17.739	52.695	0.27192	48.584	0.27315	17.739	29.824	0.5761
17.794	52.707	0.27157	48.595	0.2728	17.794	29.808	0.57676
17.849	52.7	0.27148	48.588	0.2727	17.849	29.813	0.57621
17.905	52.646	0.27123	48.539	0.27245	17.905	29.777	0.57688
17.96	52.649	0.27058	48.541	0.2718	17.96	29.827	0.57745
18.015	52.636	0.27089	48.529	0.27212	18.015	29.815	0.57723
18.07	52.597	0.27071	48.493	0.27194	18.07	29.829	0.57714
18.126	52.588	0.2697	48.485	0.27093	18.126	29.823	0.57781
18.181	52.538	0.26918	48.439	0.2704	18.181	29.838	0.57875
18.236	52.517	0.26887	48.419	0.27009	18.236	29.839	0.57871
18.291	52.525	0.26904	48.426	0.27027	18.291	29.803	0.57756
18.347	52.511	0.26821	48.414	0.26943	18.347	29.839	0.5779
18.402	52.529	0.26821	48.43	0.26944	18.402	29.839	0.57695
18.457	52.482	0.26796	48.386	0.26919	18.457	29.85	0.57684
18.512	52.446	0.26766	48.354	0.26888	18.512	29.862	0.57643
18.568	52.406	0.26766	48.317	0.26889	18.568	29.84	0.57688
18.623	52.406	0.26717	48.316	0.2684	18.623	29.875	0.57728
18.678	52.363	0.26677	48.276	0.268	18.678	29.89	0.5775
18.733	52.341	0.26614	48.256	0.26736	18.733	29.916	0.57713
18.789	52.299	0.26628	48.217	0.2675	18.789	29.938	0.57668
18.844	52.249	0.2663	48.172	0.26753	18.844	29.958	0.57792
18.899	52.265	0.26668	48.186	0.26791	18.899	29.904	0.57681
18.954	52.254	0.26659	48.176	0.26781	18.954	29.892	0.57551
19.01	52.271	0.266	48.192	0.26723	19.01	29.892	0.57547
19.065	52.268	0.26595	48.188	0.26718	19.065	29.915	0.57591
19.12	52.266	0.26616	48.186	0.26739	19.12	29.906	0.57506
19.176	52.234	0.26604	48.157	0.26727	19.176	29.882	0.57468
19.231	52.23	0.26561	48.153	0.26684	19.231	29.915	0.57533
19.286	52.241	0.26499	48.163	0.26622	19.286	29.958	0.57576
19.341	52.243	0.26502	48.165	0.26625	19.341	29.972	0.57474
19.397	52.233	0.26523	48.156	0.26646	19.397	29.981	0.57404
19.452	52.216	0.26549	48.14	0.26672	19.452	29.99	0.5738
19.507	52.227	0.26501	48.15	0.26624	19.507	30.021	0.57325
19.562	52.218	0.26544	48.142	0.26667	19.562	29.969	0.57333
19.618	52.192	0.26529	48.117	0.26652	19.618	29.935	0.57376
19.673	52.205	0.26486	48.129	0.26609	19.673	29.987	0.57404
19.728	52.235	0.26497	48.158	0.2662	19.728	30.009	0.57356
19.783	52.215	0.26493	48.139	0.26616	19.783	29.982	0.57444
19.839	52.195	0.26462	48.12	0.26585	19.839	30.028	0.57418
19.894	52.212	0.26464	48.136	0.26587	19.894	30.056	0.5737
19.949	52.225	0.26465	48.148	0.26588	19.949	30.021	0.57346
20.004	52.241	0.26416	48.162	0.26539	20.004	30.022	0.5737
20.06	52.253	0.2637	48.173	0.26493	20.06	30.077	0.57319
20.115	52.201	0.2636	48.126	0.26483	20.115	30.102	0.57369
20.17	52.194	0.26377	48.119	0.265	20.17	30.077	0.57367
20.225	52.178	0.26395	48.104	0.26519	20.225	30.051	0.57292
20.281	52.15	0.26341	48.078	0.26464	20.281	30.018	0.57442
20.336	52.121	0.26374	48.051	0.26498	20.336	30.004	0.57409
20.391	52.125	0.26343	48.055	0.26466	20.391	30	0.5754
20.447	52.116	0.26304	48.047	0.26427	20.447	30.021	0.57406
20.502	52.128	0.26295	48.058	0.26419	20.502	30.03	0.57313
20.557	52.101	0.26273	48.033	0.26396	20.557	30.031	0.57291
20.612	52.083	0.26281	48.016	0.26404	20.612	30.053	0.57348
20.668	52.023	0.26288	47.96	0.26412	20.668	30.023	0.57453
20.723	52.01	0.26277	47.949	0.264	20.723	29.976	0.57532
20.778	52.003	0.2626	47.943	0.26384	20.778	29.98	0.57473
20.833	51.988	0.26283	47.928	0.26407	20.833	29.977	0.57475
20.889	51.979	0.26282	47.92	0.26405	20.889	29.98	0.57527
20.944	51.934	0.26271	47.879	0.26394	20.944	29.974	0.57622
20.999	51.929	0.26215	47.873	0.26339	20.999	29.959	0.57716
21.054	51.916	0.26174	47.861	0.26298	21.054	29.975	0.57607
21.11	51.89	0.26178	47.837	0.26302	21.11	29.979	0.5761
21.165	51.89	0.26195	47.838	0.26319	21.165	29.983	0.57558
21.22	51.875	0.26151	47.823	0.26275	21.22	29.983	0.57658
21.275	51.842	0.26125	47.793	0.26249	21.275	30.002	0.57796
21.331	51.839	0.26083	47.791	0.26207	21.331	29.998	0.57791
21.386	51.804	0.26114	47.758	0.26238	21.386	29.95	0.57688
21.441	51.817	0.26125	47.77	0.2625	21.441	29.92	0.57659
21.496	51.812	0.26113	47.766	0.26238	21.496	29.926	0.5769
21.552	51.779	0.2614	47.735	0.26264	21.552	29.889	0.57628
21.607	51.773	0.2613	47.73	0.26255	21.607	29.875	0.57704
21.662	51.797	0.2613	47.751	0.26255	21.662	29.891	0.57721
