Time	Fascicle Length R1_F1	Pennation Angle R1_F1	Fascicle Length R1_F2	Pennation Angle R1_F2	
0.055261	66.026	0.17095	57.579	0.17574
0.11052	67.58	0.1664	58.63	0.1738
0.16578	67.6	0.16576	58.648	0.17315
0.22104	67.606	0.16562	58.654	0.17301
0.2763	67.602	0.16557	58.651	0.17296
0.33156	67.623	0.16554	58.671	0.17293
0.38683	67.644	0.16522	58.689	0.17259
0.44209	67.662	0.16468	58.705	0.17205
0.49735	67.717	0.1645	58.754	0.17186
0.55261	67.683	0.16447	58.725	0.17184
0.60787	67.699	0.16462	58.741	0.17198
0.66313	67.68	0.16411	58.724	0.17147
0.71839	67.682	0.16394	58.726	0.1713
0.77365	67.703	0.16336	58.745	0.17072
0.82891	67.708	0.16343	58.75	0.17079
0.88417	67.7	0.16312	58.743	0.17047
0.93943	67.69	0.1633	58.735	0.17064
0.99469	67.654	0.16283	58.703	0.17018
1.05	67.619	0.16255	58.673	0.1699
1.1052	67.66	0.1621	58.709	0.16944
1.1605	67.681	0.16183	58.728	0.16917
1.2157	67.585	0.1624	58.645	0.16975
1.271	67.607	0.16183	58.664	0.16917
1.3263	67.623	0.16167	58.68	0.16901
1.3815	67.66	0.16141	58.712	0.16874
1.4368	67.659	0.16146	58.712	0.1688
1.492	67.685	0.16167	58.736	0.169
1.5473	67.662	0.16149	58.716	0.16882
1.6026	67.652	0.16111	58.708	0.16844
1.6578	67.703	0.16104	58.753	0.16836
1.7131	67.676	0.16108	58.73	0.1684
1.7683	67.684	0.16096	58.738	0.16828
1.8236	67.687	0.16089	58.74	0.1682
1.8789	67.674	0.16044	58.73	0.16775
1.9341	67.69	0.16027	58.745	0.16758
1.9894	67.701	0.16032	58.755	0.16763
2.0447	67.753	0.15984	58.8	0.16714
2.0999	67.752	0.15986	58.8	0.16717
2.1552	67.769	0.1601	58.816	0.1674
2.2104	67.749	0.15984	58.8	0.16713
2.2657	67.785	0.1596	58.831	0.16689
2.321	67.794	0.15974	58.84	0.16703
2.3762	67.852	0.15962	58.891	0.16691
2.4315	67.85	0.15966	58.891	0.16695
2.4867	67.834	0.1598	58.877	0.16709
2.542	67.858	0.15958	58.899	0.16687
2.5973	67.81	0.15981	58.858	0.1671
2.6525	67.852	0.15957	58.896	0.16685
2.7078	67.871	0.1595	58.913	0.16678
2.763	67.866	0.15935	58.909	0.16662
2.8183	67.876	0.15937	58.918	0.16665
2.8736	67.909	0.15925	58.947	0.16652
2.9288	67.932	0.15908	58.968	0.16634
2.9841	67.957	0.1587	58.991	0.16596
3.0393	67.992	0.1584	59.022	0.16565
3.0946	67.98	0.15849	59.012	0.16574
3.1499	68.014	0.1586	59.042	0.16585
3.2051	68.044	0.15837	59.069	0.16561
3.2604	68.035	0.15819	59.061	0.16543
3.3156	68.096	0.15798	59.116	0.16522
3.3709	68.051	0.1584	59.078	0.16564
3.4262	68.043	0.15861	59.072	0.16586
3.4814	67.988	0.15882	59.025	0.16606
3.5367	68.022	0.15793	59.055	0.16517
3.592	68.046	0.15828	59.076	0.16552
3.6472	68.069	0.15824	59.098	0.16548
3.7025	68.056	0.15809	59.087	0.16532
3.7577	68.092	0.15743	59.119	0.16465
3.813	68.086	0.15723	59.114	0.16445
3.8683	68.109	0.15737	59.136	0.1646
3.9235	68.101	0.15745	59.129	0.16467
3.9788	68.144	0.15687	59.167	0.16409
4.034	68.126	0.15756	59.153	0.16479
4.0893	68.154	0.15745	59.178	0.16468
4.1446	68.172	0.15715	59.194	0.16438
4.1998	68.184	0.15692	59.205	0.16414
4.2551	68.189	0.15732	59.21	0.16454
4.3103	68.217	0.15704	59.235	0.16426
4.3656	68.217	0.1571	59.236	0.16431
4.4209	68.206	0.15715	59.227	0.16437
4.4761	68.224	0.15683	59.243	0.16404
4.5314	68.251	0.15711	59.267	0.16432
4.5866	68.233	0.15733	59.252	0.16454
4.6419	68.252	0.15708	59.268	0.16429
4.6972	68.266	0.15702	59.281	0.16423
4.7524	68.262	0.15706	59.278	0.16427
4.8077	68.26	0.15736	59.277	0.16457
4.863	68.273	0.15731	59.289	0.16451
4.9182	68.334	0.15718	59.343	0.16439
4.9735	68.313	0.15749	59.325	0.1647
5.0287	68.297	0.15764	59.311	0.16485
5.084	68.327	0.1571	59.338	0.1643
5.1393	68.283	0.15715	59.299	0.16436
5.1945	68.304	0.15693	59.318	0.16415
5.2498	68.334	0.15718	59.344	0.1644
5.305	68.293	0.15715	59.309	0.16436
5.3603	68.294	0.1573	59.311	0.16452
5.4156	68.288	0.15719	59.306	0.16441
5.4708	68.33	0.15728	59.343	0.16449
5.5261	68.293	0.15706	59.311	0.16427
5.5813	68.301	0.15716	59.318	0.16437
5.6366	68.325	0.15709	59.339	0.16431
5.6919	68.285	0.15728	59.305	0.1645
5.7471	68.282	0.15694	59.303	0.16416
5.8024	68.307	0.15709	59.325	0.1643
5.8576	68.321	0.15721	59.338	0.16442
5.9129	68.326	0.15729	59.343	0.1645
5.9682	68.348	0.15751	59.363	0.16473
6.0234	68.364	0.15748	59.377	0.16469
6.0787	68.361	0.15784	59.375	0.16505
6.134	68.333	0.15775	59.351	0.16497
6.1892	68.331	0.15783	59.351	0.16505
6.2445	68.361	0.1575	59.377	0.16471
6.2997	68.366	0.15784	59.382	0.16505
6.355	68.378	0.15826	59.393	0.16548
6.4103	68.369	0.15777	59.385	0.16498
6.4655	68.397	0.1577	59.41	0.16491
6.5208	68.401	0.15793	59.415	0.16514
6.576	68.397	0.15789	59.411	0.16509
6.6313	68.462	0.15776	59.468	0.16495
6.6866	68.422	0.15786	59.434	0.16506
6.7418	68.422	0.1582	59.435	0.16539
6.7971	68.454	0.15735	59.463	0.16453
6.8523	68.473	0.15754	59.48	0.16473
6.9076	68.475	0.15758	59.481	0.16476
6.9629	68.468	0.15784	59.475	0.165
7.0181	68.512	0.15653	59.513	0.16368
7.0734	68.49	0.15733	59.495	0.16448
7.1286	68.47	0.15687	59.478	0.16402
7.1839	68.512	0.15708	59.515	0.16422
7.2392	68.475	0.15679	59.483	0.16395
7.2944	68.451	0.15698	59.463	0.16413
7.3497	68.493	0.1567	59.5	0.16385
7.405	68.456	0.157	59.468	0.16416
7.4602	68.48	0.15711	59.489	0.16427
7.5155	68.525	0.15767	59.529	0.16482
7.5707	68.502	0.15779	59.509	0.16493
7.626	68.516	0.15813	59.522	0.16527
7.6813	68.518	0.15825	59.524	0.16539
7.7365	68.49	0.15831	59.499	0.16545
7.7918	68.48	0.15874	59.492	0.16588
7.847	68.47	0.1587	59.483	0.16584
7.9023	68.463	0.15897	59.477	0.1661
7.9576	68.458	0.15899	59.473	0.16613
8.0128	68.496	0.15872	59.506	0.16587
8.0681	68.512	0.15869	59.522	0.16584
8.1233	68.495	0.15896	59.507	0.1661
8.1786	68.502	0.15897	59.514	0.16612
8.2339	68.515	0.15923	59.525	0.16638
8.2891	68.504	0.15938	59.516	0.16653
8.3444	68.498	0.15929	59.511	0.16643
8.3996	68.508	0.15948	59.521	0.16662
8.4549	68.533	0.15927	59.542	0.16641
8.5102	68.56	0.1591	59.566	0.16624
8.5654	68.586	0.15951	59.59	0.16664
8.6207	68.614	0.1595	59.614	0.16663
8.676	68.621	0.15982	59.622	0.16695
8.7312	68.653	0.15994	59.65	0.16707
8.7865	68.675	0.15998	59.67	0.1671
8.8417	68.66	0.16037	59.658	0.16749
8.897	68.696	0.15991	59.689	0.16702
8.9523	68.747	0.15972	59.734	0.16683
9.0075	68.755	0.16004	59.742	0.16714
9.0628	68.763	0.15976	59.749	0.16685
9.118	68.766	0.15989	59.752	0.16699
9.1733	68.781	0.16008	59.766	0.16717
9.2286	68.797	0.15992	59.78	0.16701
9.2838	68.865	0.15969	59.84	0.16677
9.3391	68.944	0.15975	59.909	0.16682
9.3943	68.962	0.16019	59.926	0.16727
9.4496	68.976	0.16063	59.939	0.1677
9.5049	68.98	0.16128	59.943	0.16835
9.5601	68.983	0.16132	59.946	0.16839
9.6154	69.002	0.16125	59.964	0.16832
9.6706	69.006	0.16133	59.967	0.1684
9.7259	69.037	0.16102	59.995	0.16808
9.7812	69.062	0.16146	60.017	0.16852
9.8364	69.064	0.16164	60.02	0.16869
9.8917	69.063	0.16135	60.019	0.1684
9.9469	69.105	0.16159	60.056	0.16864
10.002	69.086	0.16128	60.039	0.16834
10.057	69.091	0.1613	60.044	0.16836
10.113	69.112	0.16186	60.063	0.16891
10.168	69.097	0.16195	60.05	0.169
10.223	69.096	0.16164	60.049	0.16869
10.279	69.05	0.16149	60.009	0.16854
10.334	69.092	0.1609	60.046	0.16795
10.389	69.041	0.16161	60.002	0.16866
10.444	69.005	0.16186	59.971	0.16891
10.5	69.007	0.16198	59.973	0.16902
10.555	69.026	0.16149	59.99	0.16853
10.61	69.049	0.16195	60.011	0.169
10.665	69.09	0.16235	60.047	0.16939
10.721	69.047	0.16235	60.01	0.16939
10.776	69.128	0.16212	60.081	0.16915
10.831	69.137	0.16234	60.089	0.16936
10.886	69.12	0.16257	60.074	0.1696
10.942	69.138	0.16243	60.09	0.16946
10.997	69.144	0.16241	60.096	0.16944
11.052	69.157	0.16267	60.108	0.16969
11.107	69.165	0.16277	60.115	0.16979
11.163	69.184	0.16273	60.131	0.16975
11.218	69.218	0.16274	60.162	0.16975
11.273	69.227	0.16264	60.17	0.16966
11.328	69.266	0.16231	60.205	0.16933
11.384	69.345	0.16222	60.274	0.16923
11.439	69.352	0.16258	60.281	0.16958
11.494	69.358	0.16287	60.287	0.16988
11.55	69.427	0.16329	60.348	0.17029
11.605	69.362	0.16313	60.29	0.17013
11.66	69.353	0.16372	60.284	0.17071
11.715	69.358	0.16353	60.288	0.17053
11.771	69.359	0.1633	60.29	0.17028
11.826	69.415	0.16353	60.34	0.17051
11.881	69.393	0.16313	60.32	0.1701
11.936	69.405	0.1633	60.331	0.17026
11.992	69.384	0.16391	60.314	0.17087
12.047	69.328	0.1637	60.265	0.17065
12.102	69.294	0.1636	60.235	0.17056
12.157	69.252	0.16365	60.199	0.1706
12.213	69.287	0.16365	60.23	0.1706
12.268	69.274	0.16353	60.218	0.17048
12.323	69.237	0.16344	60.187	0.17039
12.378	69.254	0.16398	60.202	0.17093
12.434	69.224	0.16415	60.176	0.1711
12.489	69.192	0.1644	60.149	0.17135
12.544	69.199	0.16441	60.155	0.17136
12.599	69.256	0.16446	60.205	0.1714
12.655	69.222	0.16501	60.176	0.17196
12.71	69.235	0.16507	60.188	0.17201
12.765	69.241	0.16476	60.192	0.1717
12.821	69.231	0.16481	60.184	0.17174
12.876	69.183	0.16423	60.142	0.17116
12.931	69.168	0.16423	60.129	0.17116
12.986	69.125	0.16372	60.091	0.17065
13.042	69.131	0.16393	60.097	0.17085
13.097	69.157	0.16394	60.12	0.17087
13.152	69.217	0.16376	60.173	0.17069
13.207	69.235	0.16451	60.189	0.17145
13.263	69.206	0.16486	60.165	0.17179
13.318	69.169	0.16468	60.132	0.1716
13.373	69.144	0.16444	60.11	0.17137
13.428	69.155	0.16493	60.12	0.17185
13.484	69.124	0.16494	60.093	0.17186
13.539	69.129	0.16506	60.098	0.17198
13.594	69.182	0.16467	60.144	0.17158
13.649	69.235	0.16478	60.191	0.17168
13.705	69.226	0.1649	60.183	0.17181
13.76	69.284	0.16541	60.235	0.17232
13.815	69.287	0.16593	60.238	0.17284
13.87	69.279	0.16603	60.233	0.17294
13.926	69.285	0.16599	60.239	0.1729
13.981	69.286	0.16561	60.24	0.17253
14.036	69.337	0.1656	60.286	0.17251
14.092	69.34	0.16556	60.288	0.17247
14.147	69.33	0.16574	60.279	0.17266
14.202	69.345	0.1659	60.292	0.17281
14.257	69.359	0.16638	60.305	0.17328
14.313	69.352	0.16593	60.3	0.17283
14.368	69.365	0.16584	60.311	0.17273
14.423	69.356	0.16562	60.303	0.17251
14.478	69.301	0.16551	60.256	0.17241
14.534	69.368	0.16588	60.315	0.17277
14.589	69.375	0.16556	60.321	0.17245
14.644	69.431	0.16645	60.371	0.17334
14.699	69.405	0.16647	60.348	0.17336
14.755	69.456	0.16606	60.393	0.17294
14.81	69.425	0.16604	60.366	0.17293
14.865	69.464	0.16618	60.401	0.17306
14.92	69.447	0.16532	60.385	0.1722
14.976	69.502	0.16596	60.434	0.17284
15.031	69.509	0.16593	60.44	0.1728
15.086	69.567	0.16567	60.491	0.17253
15.141	69.54	0.16538	60.468	0.17223
15.197	69.52	0.16458	60.45	0.17143
15.252	69.498	0.16389	60.43	0.17074
15.307	69.573	0.16433	60.497	0.17118
15.363	69.585	0.16505	60.507	0.1719
15.418	69.615	0.16563	60.534	0.17248
15.473	69.69	0.16569	60.6	0.17254
15.528	69.708	0.16571	60.616	0.17256
15.584	69.701	0.16553	60.61	0.17237
15.639	69.716	0.16569	60.623	0.17254
15.694	69.783	0.16572	60.682	0.17257
15.749	69.772	0.1663	60.673	0.17314
15.805	69.786	0.16645	60.686	0.17329
15.86	69.776	0.16662	60.677	0.17345
15.915	69.801	0.16682	60.699	0.17365
15.97	69.807	0.16641	60.704	0.17324
16.026	69.828	0.16675	60.723	0.17358
16.081	69.814	0.16658	60.711	0.1734
16.136	69.834	0.16694	60.728	0.17376
16.191	69.837	0.16651	60.731	0.17333
16.247	69.807	0.16671	60.704	0.17352
16.302	69.812	0.16677	60.709	0.17358
16.357	69.852	0.16697	60.744	0.17378
16.412	69.85	0.16692	60.742	0.17372
16.468	69.879	0.16739	60.768	0.1742
16.523	69.851	0.16771	60.744	0.17452
16.578	69.841	0.16809	60.735	0.1749
16.634	69.818	0.16827	60.715	0.17508
16.689	69.848	0.16851	60.742	0.17531
16.744	69.833	0.16872	60.729	0.17551
16.799	69.824	0.16862	60.72	0.17541
16.855	69.809	0.16841	60.707	0.1752
16.91	69.798	0.16849	60.697	0.17528
16.965	69.738	0.16806	60.644	0.17485
17.02	69.73	0.16821	60.637	0.175
17.076	69.734	0.1682	60.64	0.17498
17.131	69.705	0.16809	60.614	0.17488
17.186	69.692	0.16858	60.603	0.17538
17.241	69.669	0.16793	60.583	0.17473
17.297	69.707	0.1682	60.616	0.17499
17.352	69.699	0.16817	60.609	0.17496
17.407	69.685	0.16803	60.597	0.17482
17.462	69.7	0.16837	60.611	0.17516
17.518	69.688	0.16798	60.599	0.17476
17.573	69.639	0.16732	60.557	0.1741
17.628	69.647	0.16747	60.564	0.17425
17.683	69.608	0.16694	60.529	0.17372
17.739	69.629	0.16771	60.548	0.17449
17.794	69.612	0.16733	60.533	0.17411
17.849	69.623	0.16795	60.542	0.17473
17.905	69.577	0.16707	60.502	0.17386
17.96	69.583	0.16727	60.507	0.17406
18.015	69.574	0.16719	60.499	0.17398
18.07	69.626	0.16759	60.545	0.17438
18.126	69.622	0.16733	60.542	0.17412
18.181	69.597	0.16781	60.52	0.17459
18.236	69.621	0.16708	60.54	0.17386
18.291	69.597	0.16746	60.52	0.17424
18.347	69.585	0.16707	60.51	0.17385
18.402	69.618	0.167	60.538	0.17378
18.457	69.666	0.16776	60.58	0.17454
18.512	69.628	0.16781	60.547	0.17459
18.568	69.715	0.16799	60.624	0.17477
18.623	69.743	0.16815	60.648	0.17492
18.678	69.756	0.16888	60.66	0.17565
18.733	69.824	0.16956	60.72	0.17634
18.789	69.796	0.1687	60.695	0.17548
18.844	69.882	0.16983	60.771	0.17661
18.899	69.904	0.16977	60.79	0.17655
18.954	69.978	0.1704	60.855	0.17718
19.01	70.019	0.17059	60.892	0.17737
19.065	69.944	0.17028	60.825	0.17707
19.12	70.015	0.17094	60.888	0.17772
19.176	69.956	0.17114	60.836	0.17792
19.231	69.966	0.17064	60.844	0.17742
19.286	69.977	0.17062	60.854	0.1774
19.341	69.929	0.17027	60.812	0.17705
19.397	69.9	0.16973	60.786	0.1765
19.452	69.785	0.16874	60.684	0.1755
19.507	69.8	0.16853	60.697	0.17529
19.562	69.731	0.16765	60.636	0.17441
19.618	69.749	0.16825	60.652	0.17501
19.673	69.707	0.16756	60.614	0.17432
19.728	69.676	0.16767	60.587	0.17444
19.783	69.72	0.16815	60.625	0.17491
19.839	69.668	0.16725	60.58	0.17401
19.894	69.723	0.16785	60.627	0.1746
19.949	69.701	0.16741	60.608	0.17417
20.004	69.739	0.16841	60.641	0.17517
20.06	69.714	0.1678	60.619	0.17456
20.115	69.73	0.16804	60.632	0.1748
20.17	69.735	0.16871	60.637	0.17549
20.225	69.701	0.16843	60.607	0.1752
20.281	69.772	0.16835	60.668	0.17512
20.336	69.755	0.16856	60.654	0.17533
20.391	69.789	0.16792	60.683	0.17469
20.447	69.817	0.16817	60.707	0.17495
20.502	69.81	0.16887	60.701	0.17565
20.557	69.753	0.16795	60.651	0.17473
20.612	69.781	0.16772	60.675	0.1745
20.668	69.787	0.16709	60.679	0.17386
20.723	69.751	0.16725	60.647	0.17402
20.778	69.768	0.16759	60.662	0.17437
20.833	69.81	0.16811	60.699	0.17488
20.889	69.811	0.16813	60.699	0.17489
20.944	69.792	0.16745	60.682	0.17421
20.999	69.801	0.16729	60.689	0.17405
21.054	69.823	0.16723	60.707	0.17398
21.11	69.748	0.16685	60.642	0.17361
21.165	69.778	0.16756	60.668	0.17432
21.22	69.772	0.16692	60.662	0.17367
21.275	69.746	0.16657	60.639	0.17332
21.331	69.805	0.16736	60.69	0.17411
21.386	69.838	0.16731	60.719	0.17405
21.441	69.749	0.16705	60.64	0.1738
21.496	69.77	0.16733	60.659	0.17407
21.552	69.807	0.16723	60.69	0.17397
21.607	69.802	0.16666	60.686	0.1734
21.662	69.79	0.16677	60.675	0.17351
21.718	69.813	0.16727	60.695	0.17401
21.773	69.826	0.16669	60.706	0.17343
21.828	69.835	0.16718	60.713	0.17392
