Time	Fascicle Length R1_F1	Pennation Angle R1_F1	Fascicle Length R1_F2	Pennation Angle R1_F2	
0.062089	57.174	0.16643	52.819	0.16607
0.12418	57.191	0.16692	52.834	0.16656
0.18627	57.227	0.16713	52.868	0.16678
0.24835	57.304	0.1661	52.939	0.16575
0.31044	57.312	0.16596	52.947	0.1656
0.37253	57.32	0.16576	52.954	0.1654
0.43462	57.349	0.16509	52.981	0.16474
0.49671	57.391	0.1657	53.019	0.16535
0.5588	57.41	0.16494	53.037	0.16458
0.62089	57.467	0.16466	53.089	0.1643
0.68298	57.458	0.16424	53.082	0.16389
0.74506	57.464	0.16385	53.087	0.16349
0.80715	57.459	0.16325	53.083	0.16289
0.86924	57.509	0.16296	53.128	0.16261
0.93133	57.538	0.16255	53.155	0.1622
0.99342	57.554	0.16239	53.17	0.16204
1.0555	57.577	0.16182	53.191	0.16147
1.1176	57.636	0.16143	53.246	0.16108
1.1797	57.649	0.16111	53.257	0.16076
1.2418	57.706	0.16095	53.311	0.1606
1.3039	57.71	0.16047	53.314	0.16012
1.366	57.743	0.15908	53.345	0.15872
1.428	57.776	0.15946	53.375	0.1591
1.4901	57.828	0.15926	53.424	0.15891
1.5522	57.858	0.15892	53.451	0.15857
1.6143	57.865	0.15877	53.457	0.15842
1.6764	57.865	0.15829	53.457	0.15794
1.7385	57.898	0.15798	53.488	0.15763
1.8006	57.912	0.15873	53.501	0.15838
1.8627	57.937	0.15876	53.523	0.15841
1.9247	57.982	0.15761	53.566	0.15726
1.9868	58.01	0.15763	53.591	0.15728
2.0489	58.045	0.15744	53.624	0.15709
2.111	58.087	0.15679	53.663	0.15644
2.1731	58.115	0.15673	53.688	0.15638
2.2352	58.165	0.15625	53.734	0.1559
2.2973	58.177	0.15618	53.745	0.15584
2.3594	58.207	0.156	53.773	0.15565
2.4215	58.266	0.15558	53.828	0.15524
2.4835	58.277	0.15494	53.838	0.15459
2.5456	58.337	0.15465	53.893	0.15431
2.6077	58.371	0.155	53.924	0.15466
2.6698	58.385	0.1547	53.938	0.15435
2.7319	58.405	0.15423	53.956	0.15389
2.794	58.454	0.15364	54.002	0.1533
2.8561	58.495	0.1532	54.039	0.15286
2.9182	58.557	0.15264	54.097	0.1523
2.9803	58.597	0.15246	54.134	0.15211
3.0423	58.639	0.15242	54.173	0.15208
3.1044	58.641	0.15242	54.174	0.15207
3.1665	58.706	0.1532	54.234	0.15286
3.2286	58.734	0.15298	54.26	0.15264
3.2907	58.719	0.15319	54.246	0.15285
3.3528	58.792	0.15309	54.313	0.15275
3.4149	58.827	0.15241	54.346	0.15207
3.477	58.865	0.15251	54.382	0.15217
3.5391	58.918	0.15169	54.43	0.15135
3.6011	58.978	0.15154	54.485	0.1512
3.6632	58.992	0.15154	54.498	0.1512
3.7253	58.978	0.15161	54.485	0.15127
3.7874	59.059	0.15101	54.56	0.15067
3.8495	59.086	0.15109	54.585	0.15075
3.9116	59.107	0.15084	54.605	0.1505
3.9737	59.159	0.15048	54.652	0.15014
4.0358	59.178	0.15044	54.67	0.1501
4.0979	59.214	0.15006	54.703	0.14972
4.1599	59.305	0.14904	54.788	0.1487
4.222	59.329	0.14985	54.81	0.14951
4.2841	59.371	0.14881	54.849	0.14847
4.3462	59.408	0.14873	54.883	0.1484
4.4083	59.465	0.14823	54.935	0.14789
4.4704	59.491	0.14835	54.959	0.14802
4.5325	59.468	0.14847	54.938	0.14813
4.5946	59.528	0.14845	54.994	0.14811
4.6566	59.55	0.14821	55.014	0.14788
4.7187	59.548	0.14877	55.012	0.14843
4.7808	59.611	0.14835	55.07	0.14802
4.8429	59.651	0.14862	55.107	0.14829
4.905	59.586	0.14816	55.048	0.14783
4.9671	59.675	0.14773	55.13	0.1474
5.0292	59.664	0.14752	55.119	0.14718
5.0913	59.697	0.14816	55.15	0.14782
5.1534	59.708	0.14854	55.16	0.14821
5.2154	59.712	0.14837	55.164	0.14804
5.2775	59.733	0.14875	55.183	0.14841
5.3396	59.836	0.14904	55.278	0.14871
5.4017	59.858	0.14817	55.298	0.14783
5.4638	59.85	0.1479	55.291	0.14756
5.5259	59.909	0.14861	55.346	0.14827
5.588	59.967	0.14753	55.399	0.14719
5.6501	59.999	0.14807	55.429	0.14773
5.7122	60.009	0.14793	55.438	0.1476
5.7742	60.061	0.1484	55.486	0.14806
5.8363	60.045	0.14897	55.471	0.14864
5.8984	60.04	0.14877	55.466	0.14844
5.9605	60.06	0.14874	55.485	0.14841
6.0226	60.111	0.14925	55.532	0.14892
6.0847	60.145	0.14995	55.564	0.14962
6.1468	60.156	0.14999	55.574	0.14965
6.2089	60.232	0.14918	55.644	0.14885
6.271	60.23	0.1489	55.642	0.14857
6.333	60.218	0.14871	55.631	0.14838
6.3951	60.249	0.14854	55.66	0.14821
6.4572	60.329	0.1483	55.733	0.14797
6.5193	60.264	0.14938	55.673	0.14905
6.5814	60.258	0.14994	55.668	0.14961
6.6435	60.295	0.14998	55.702	0.14965
6.7056	60.302	0.14974	55.708	0.14941
6.7677	60.326	0.15018	55.731	0.14985
6.8298	60.379	0.15048	55.78	0.15015
6.8918	60.346	0.15105	55.749	0.15072
6.9539	60.366	0.15126	55.768	0.15093
7.016	60.47	0.15142	55.863	0.15109
7.0781	60.489	0.15123	55.881	0.1509
7.1402	60.509	0.15112	55.9	0.15079
7.2023	60.536	0.15084	55.925	0.15051
7.2644	60.561	0.1511	55.948	0.15077
7.3265	60.545	0.15116	55.933	0.15083
7.3886	60.573	0.15082	55.959	0.15049
7.4506	60.59	0.15142	55.975	0.15109
7.5127	60.573	0.15117	55.959	0.15084
7.5748	60.598	0.15078	55.982	0.15045
7.6369	60.59	0.15164	55.975	0.15131
7.699	60.586	0.15193	55.971	0.1516
7.7611	60.566	0.15181	55.952	0.15148
7.8232	60.576	0.15181	55.962	0.15148
7.8853	60.521	0.15229	55.911	0.15197
7.9473	60.51	0.15236	55.9	0.15203
8.0094	60.567	0.15207	55.953	0.15174
8.0715	60.547	0.15204	55.935	0.15171
8.1336	60.535	0.15247	55.923	0.15214
8.1957	60.534	0.15222	55.923	0.15189
8.2578	60.461	0.15148	55.855	0.15115
8.3199	60.45	0.15189	55.845	0.15156
8.382	60.464	0.15202	55.858	0.15169
8.4441	60.447	0.1516	55.843	0.15127
8.5061	60.434	0.15046	55.831	0.15013
8.5682	60.42	0.15079	55.817	0.15046
8.6303	60.398	0.15055	55.797	0.15022
8.6924	60.373	0.15032	55.774	0.14999
8.7545	60.325	0.14973	55.73	0.1494
8.8166	60.312	0.14971	55.718	0.14938
8.8787	60.277	0.14959	55.686	0.14926
8.9408	60.226	0.14967	55.638	0.14934
9.0029	60.153	0.14951	55.571	0.14918
9.0649	60.087	0.14979	55.51	0.14946
9.127	60.043	0.15067	55.469	0.15034
9.1891	59.964	0.15029	55.396	0.14996
9.2512	59.942	0.15075	55.376	0.15042
9.3133	59.943	0.14998	55.377	0.14965
9.3754	59.9	0.14978	55.337	0.14945
9.4375	59.876	0.14882	55.315	0.14848
9.4996	59.89	0.14879	55.328	0.14845
9.5617	59.791	0.15009	55.236	0.14976
9.6237	59.769	0.15028	55.216	0.14995
9.6858	59.781	0.15056	55.228	0.15023
9.7479	59.72	0.15009	55.171	0.14975
9.81	59.678	0.15044	55.132	0.15011
9.8721	59.69	0.15056	55.143	0.15022
9.9342	59.64	0.15115	55.097	0.15082
9.9963	59.623	0.15068	55.082	0.15035
10.058	59.655	0.15061	55.111	0.15028
10.12	59.613	0.15101	55.072	0.15068
10.183	59.638	0.15112	55.096	0.15078
10.245	59.642	0.15136	55.099	0.15102
10.307	59.653	0.15084	55.109	0.15051
10.369	59.592	0.1515	55.053	0.15116
10.431	59.581	0.15122	55.042	0.15088
10.493	59.553	0.15092	55.017	0.15059
10.555	59.434	0.15129	54.907	0.15096
10.617	59.44	0.15112	54.912	0.15078
10.679	59.417	0.15155	54.891	0.15121
10.741	59.367	0.15216	54.845	0.15182
10.803	59.342	0.15216	54.822	0.15182
10.866	59.355	0.15145	54.834	0.15111
10.928	59.336	0.15142	54.816	0.15109
10.99	59.32	0.15165	54.802	0.15131
11.052	59.273	0.15146	54.758	0.15112
11.114	59.243	0.15205	54.73	0.15171
11.176	59.211	0.15228	54.701	0.15195
11.238	59.205	0.15222	54.695	0.15188
11.3	59.19	0.15168	54.681	0.15134
11.362	59.174	0.15254	54.667	0.1522
11.424	59.072	0.15309	54.572	0.15275
11.486	59.058	0.15296	54.559	0.15263
11.548	59.036	0.15346	54.539	0.15312
11.611	58.979	0.15375	54.487	0.15341
11.673	58.929	0.15367	54.44	0.15333
11.735	58.86	0.15354	54.377	0.1532
11.797	58.829	0.15438	54.348	0.15404
11.859	58.786	0.15348	54.308	0.15314
11.921	58.664	0.15433	54.196	0.15399
11.983	58.616	0.15531	54.151	0.15497
12.045	58.578	0.15512	54.116	0.15478
12.107	58.534	0.15549	54.076	0.15515
12.169	58.484	0.15562	54.03	0.15528
12.231	58.429	0.15605	53.979	0.15571
12.294	58.419	0.15653	53.969	0.15619
12.356	58.35	0.15687	53.906	0.15652
12.418	58.316	0.15615	53.874	0.1558
12.48	58.256	0.15674	53.818	0.1564
12.542	58.188	0.15697	53.756	0.15662
12.604	58.177	0.15737	53.746	0.15702
12.666	58.193	0.15693	53.761	0.15659
12.728	58.193	0.15763	53.761	0.15729
12.79	58.154	0.15763	53.725	0.15729
12.852	58.191	0.15797	53.759	0.15762
12.914	58.148	0.1576	53.719	0.15725
12.977	58.105	0.15796	53.679	0.15761
13.039	58.099	0.15816	53.673	0.15782
13.101	58.091	0.15814	53.666	0.15779
13.163	58.109	0.15835	53.683	0.158
13.225	58.088	0.15845	53.664	0.15811
13.287	58.061	0.15888	53.638	0.15854
13.349	58.036	0.15907	53.616	0.15872
13.411	57.998	0.15944	53.581	0.1591
13.473	57.988	0.15934	53.571	0.159
13.535	57.937	0.16005	53.524	0.1597
13.597	57.959	0.16119	53.544	0.16084
13.66	57.919	0.16178	53.507	0.16143
13.722	57.885	0.16174	53.476	0.16139
13.784	57.898	0.16167	53.488	0.16132
13.846	57.838	0.16178	53.433	0.16143
13.908	57.809	0.16184	53.405	0.1615
13.97	57.78	0.16241	53.379	0.16206
14.032	57.762	0.16285	53.362	0.1625
14.094	57.761	0.16279	53.362	0.16244
14.156	57.716	0.16312	53.32	0.16277
14.218	57.693	0.16328	53.298	0.16294
14.28	57.659	0.16347	53.267	0.16312
14.342	57.631	0.16372	53.242	0.16337
14.405	57.598	0.16416	53.21	0.16381
14.467	57.595	0.16375	53.208	0.1634
14.529	57.606	0.16402	53.218	0.16367
14.591	57.591	0.1651	53.204	0.16475
14.653	57.569	0.16568	53.184	0.16533
14.715	57.55	0.16527	53.167	0.16492
14.777	57.489	0.16645	53.11	0.1661
14.839	57.439	0.16775	53.064	0.1674
14.901	57.392	0.16817	53.02	0.16782
14.963	57.369	0.16803	52.999	0.16768
15.025	57.337	0.16938	52.969	0.16903
15.088	57.252	0.17021	52.891	0.16985
15.15	57.263	0.17041	52.902	0.17006
15.212	57.254	0.17064	52.893	0.17029
15.274	57.224	0.17142	52.865	0.17107
15.336	57.156	0.17247	52.803	0.17212
15.398	57.066	0.17192	52.72	0.17157
15.46	57.062	0.17177	52.716	0.17141
15.522	57.043	0.17142	52.698	0.17106
15.584	57.015	0.17279	52.672	0.17243
15.646	56.984	0.17347	52.643	0.17311
15.708	57.007	0.17325	52.665	0.1729
15.771	56.949	0.1734	52.612	0.17304
15.833	56.915	0.17477	52.58	0.17442
15.895	56.862	0.17601	52.531	0.17565
15.957	56.836	0.17636	52.507	0.176
16.019	56.773	0.1764	52.449	0.17605
16.081	56.709	0.17699	52.389	0.17664
16.143	56.665	0.17678	52.349	0.17642
16.205	56.595	0.17703	52.284	0.17667
16.267	56.561	0.17816	52.253	0.17779
16.329	56.554	0.17904	52.246	0.17868
16.391	56.537	0.17893	52.231	0.17857
16.453	56.51	0.17961	52.206	0.17925
16.516	56.507	0.17997	52.203	0.17961
16.578	56.5	0.18051	52.197	0.18014
16.64	56.475	0.18127	52.173	0.18091
16.702	56.476	0.18116	52.174	0.1808
16.764	56.458	0.18165	52.158	0.18128
16.826	56.388	0.18235	52.092	0.18199
16.888	56.279	0.18338	51.992	0.18301
16.95	56.265	0.18343	51.979	0.18307
17.012	56.227	0.18404	51.945	0.18367
17.074	56.193	0.18391	51.913	0.18355
17.136	56.149	0.18493	51.872	0.18457
17.199	56.081	0.18515	51.809	0.18479
17.261	55.971	0.18578	51.708	0.18541
17.323	55.94	0.18686	51.679	0.1865
17.385	55.883	0.1873	51.626	0.18694
17.447	55.839	0.18816	51.586	0.18779
17.509	55.8	0.18861	51.55	0.18824
17.571	55.788	0.18909	51.538	0.18872
17.633	55.766	0.19019	51.518	0.18982
17.695	55.758	0.19038	51.511	0.19001
17.757	55.797	0.19064	51.547	0.19028
17.819	55.775	0.19122	51.527	0.19085
17.882	55.766	0.19217	51.519	0.1918
17.944	55.744	0.19297	51.498	0.1926
18.006	55.685	0.19363	51.443	0.19327
18.068	55.667	0.19506	51.426	0.19469
18.13	55.591	0.19561	51.356	0.19524
18.192	55.571	0.19545	51.338	0.19508
18.254	55.518	0.1966	51.289	0.19623
18.316	55.441	0.19784	51.218	0.19747
18.378	55.405	0.19796	51.185	0.19758
18.44	55.371	0.19787	51.153	0.1975
18.502	55.381	0.19875	51.163	0.19837
18.565	55.37	0.19946	51.152	0.19909
18.627	55.33	0.20049	51.116	0.20011
18.689	55.242	0.20071	51.034	0.20034
18.751	55.241	0.20122	51.033	0.20085
18.813	55.221	0.20197	51.014	0.2016
18.875	55.169	0.20199	50.966	0.20162
18.937	55.128	0.20204	50.929	0.20167
18.999	55.095	0.20251	50.899	0.20213
19.061	55.086	0.20245	50.89	0.20207
19.123	55.095	0.20214	50.898	0.20176
19.185	55.13	0.20258	50.931	0.2022
19.247	55.152	0.2039	50.951	0.20352
19.31	55.181	0.20312	50.978	0.20274
19.372	55.14	0.2022	50.94	0.20182
19.434	55.136	0.20289	50.936	0.20252
19.496	55.157	0.2036	50.956	0.20322
19.558	55.132	0.20404	50.933	0.20366
19.62	55.121	0.20379	50.922	0.20342
19.682	55.139	0.20365	50.939	0.20327
19.744	55.132	0.20351	50.932	0.20313
19.806	55.095	0.20326	50.898	0.20288
19.868	55.068	0.20415	50.873	0.20377
19.93	55.041	0.20465	50.848	0.20427
19.993	55.053	0.20466	50.859	0.20428
20.055	55.092	0.2044	50.895	0.20402
20.117	55.052	0.20359	50.859	0.20321
20.179	55.033	0.20408	50.841	0.2037
20.241	55.041	0.20449	50.849	0.20412
20.303	55.015	0.20413	50.824	0.20376
20.365	55.033	0.20377	50.841	0.20339
20.427	55.056	0.20419	50.862	0.20381
20.489	55.037	0.20395	50.845	0.20357
20.551	55.011	0.20385	50.82	0.20347
20.613	55.016	0.2039	50.826	0.20352
20.676	55.017	0.20484	50.827	0.20446
20.738	54.981	0.20463	50.793	0.20426
20.8	55.02	0.20389	50.829	0.20351
20.862	55.022	0.20412	50.831	0.20374
20.924	55.028	0.2035	50.836	0.20312
20.986	54.967	0.20472	50.78	0.20434
21.048	54.863	0.20501	50.684	0.20463
21.11	54.884	0.20268	50.703	0.2023
21.172	54.734	0.19977	50.565	0.19939
21.234	54.09	0.18681	49.97	0.18642
21.296	54.166	0.18699	50.04	0.1866
21.359	54.066	0.17254	49.949	0.17217
21.421	54.175	0.14569	50.05	0.14533
21.483	53.779	0.13353	49.684	0.13318
21.545	51.806	0.11261	47.863	0.11228
21.607	36.6	0.17106	33.815	0.17064
21.669	36.646	0.042248	33.859	0.042656
21.731	35.471	0.29435	32.77	0.29391
21.793	35.756	0.10041	33.037	0.10004
21.855	36.748	0.018775	33.955	0.019121
21.917	34.393	0.15676	31.777	0.1563
21.979	29.91	0.14631	27.634	0.14583
22.041	31.775	0.00067023	29.359	0.00019428
