Time	Fascicle Length R1_F1	Pennation Angle R1_F1	Fascicle Length R1_F2	Pennation Angle R1_F2	Time	Fascicle Length R2_F1	Pennation Angle R2_F1	Fascicle Length R2_F2	Pennation Angle R2_F2	
0.055261	54.748	0.29053	50.097	0.3251	0.055261	34.859	0.52895	36.881	0.52022
0.11052	54.733	0.29104	52.973	0.30519	0.11052	35.804	0.50985	37.594	0.50259
0.16578	54.76	0.2907	53	0.30481	0.16578	35.822	0.50937	37.613	0.50211
0.22104	54.778	0.29052	53.018	0.30462	0.22104	35.85	0.50873	37.642	0.50148
0.2763	54.746	0.29096	52.987	0.30506	0.2763	35.824	0.50875	37.614	0.5015
0.33156	54.768	0.29077	53.008	0.30487	0.33156	35.873	0.50852	37.665	0.50128
0.38683	54.779	0.29145	53.021	0.30553	0.38683	35.854	0.50745	37.646	0.50021
0.44209	54.798	0.29071	53.04	0.30477	0.44209	35.875	0.50693	37.668	0.4997
0.49735	54.782	0.29081	53.025	0.30488	0.49735	35.903	0.50691	37.696	0.49969
0.55261	54.794	0.29077	53.037	0.30484	0.55261	35.928	0.50663	37.722	0.49943
0.60787	54.797	0.2914	53.043	0.30547	0.60787	35.917	0.50627	37.71	0.49907
0.66313	54.814	0.29051	53.059	0.30456	0.66313	35.956	0.50601	37.751	0.49883
0.71839	54.87	0.291	53.115	0.30503	0.71839	35.97	0.50501	37.765	0.49783
0.77365	54.849	0.29069	53.095	0.30471	0.77365	35.99	0.50536	37.785	0.49819
0.82891	54.876	0.2912	53.123	0.30521	0.82891	35.985	0.50468	37.78	0.49751
0.88417	54.922	0.29053	53.168	0.30452	0.88417	36.007	0.50438	37.802	0.49722
0.93943	54.962	0.29041	53.209	0.3044	0.93943	36.041	0.50419	37.838	0.49705
0.99469	54.953	0.29092	53.2	0.30492	0.99469	36.044	0.5045	37.841	0.49735
1.05	55.004	0.29141	53.252	0.30538	1.05	36.035	0.50292	37.831	0.49577
1.1052	54.994	0.29109	53.243	0.30506	1.1052	36.085	0.50368	37.882	0.49655
1.1605	55.002	0.29182	53.253	0.30581	1.1605	36.109	0.50329	37.907	0.49616
1.2157	55.028	0.29247	53.281	0.30645	1.2157	36.119	0.50244	37.918	0.49531
1.271	55.033	0.29281	53.286	0.30678	1.271	36.14	0.50203	37.939	0.4949
1.3263	55.063	0.29303	53.317	0.30699	1.3263	36.186	0.50117	37.987	0.49405
1.3815	55.077	0.29327	53.331	0.30723	1.3815	36.186	0.50043	37.987	0.49331
1.4368	55.074	0.29285	53.329	0.30679	1.4368	36.223	0.50087	38.025	0.49376
1.492	55.092	0.29278	53.347	0.30672	1.492	36.231	0.50035	38.033	0.49326
1.5473	55.095	0.29214	53.35	0.30606	1.5473	36.28	0.50016	38.084	0.49308
1.6026	55.105	0.29216	53.359	0.30607	1.6026	36.309	0.49984	38.115	0.49276
1.6578	55.123	0.29223	53.377	0.30611	1.6578	36.323	0.49892	38.129	0.49184
1.7131	55.11	0.29181	53.366	0.30566	1.7131	36.315	0.49823	38.12	0.49116
1.7683	55.129	0.29139	53.385	0.30522	1.7683	36.326	0.49744	38.132	0.49038
1.8236	55.127	0.29129	53.382	0.30514	1.8236	36.348	0.49814	38.155	0.49108
1.8789	55.122	0.29091	53.377	0.30477	1.8789	36.393	0.49831	38.202	0.49127
1.9341	55.161	0.29136	53.417	0.30518	1.9341	36.379	0.49627	38.186	0.48923
1.9894	55.166	0.29037	53.421	0.30418	1.9894	36.404	0.49678	38.213	0.48976
2.0447	55.186	0.29051	53.441	0.3043	2.0447	36.4	0.49508	38.208	0.48806
2.0999	55.187	0.29056	53.443	0.30435	2.0999	36.425	0.49464	38.234	0.48765
2.1552	55.184	0.291	53.441	0.30481	2.1552	36.435	0.49424	38.244	0.48725
2.2104	55.196	0.29138	53.455	0.3052	2.2104	36.446	0.49344	38.256	0.48646
2.2657	55.195	0.29126	53.454	0.30508	2.2657	36.469	0.49436	38.279	0.48739
2.321	55.184	0.29225	53.444	0.3061	2.321	36.442	0.49417	38.251	0.48719
2.3762	55.193	0.29265	53.455	0.3065	2.3762	36.443	0.495	38.251	0.48802
2.4315	55.195	0.2927	53.458	0.30656	2.4315	36.472	0.49514	38.281	0.48817
2.4867	55.227	0.29278	53.489	0.30664	2.4867	36.504	0.49411	38.314	0.48715
2.542	55.222	0.29339	53.487	0.30725	2.542	36.495	0.49412	38.305	0.48717
2.5973	55.232	0.29297	53.497	0.30683	2.5973	36.508	0.49436	38.318	0.48741
2.6525	55.257	0.29321	53.524	0.30707	2.6525	36.516	0.49383	38.326	0.48689
2.7078	55.257	0.29291	53.524	0.30677	2.7078	36.582	0.49394	38.393	0.48703
2.763	55.288	0.29354	53.556	0.3074	2.763	36.56	0.49344	38.37	0.48654
2.8183	55.31	0.29227	53.576	0.30612	2.8183	36.615	0.49488	38.427	0.48799
2.8736	55.332	0.29236	53.599	0.3062	2.8736	36.633	0.49442	38.445	0.48754
2.9288	55.336	0.29219	53.603	0.30605	2.9288	36.654	0.49449	38.468	0.48763
2.9841	55.375	0.29223	53.642	0.30607	2.9841	36.687	0.49374	38.502	0.48689
3.0393	55.38	0.29218	53.647	0.30602	3.0393	36.709	0.49373	38.524	0.48688
3.0946	55.398	0.29269	53.665	0.30654	3.0946	36.721	0.49338	38.537	0.48653
3.1499	55.424	0.29301	53.691	0.30685	3.1499	36.723	0.49307	38.538	0.48622
3.2051	55.417	0.29279	53.685	0.30662	3.2051	36.722	0.4933	38.537	0.48645
3.2604	55.45	0.29306	53.718	0.30689	3.2604	36.725	0.49288	38.54	0.48603
3.3156	55.465	0.29288	53.734	0.30671	3.3156	36.737	0.49288	38.553	0.48605
3.3709	55.467	0.29321	53.736	0.30703	3.3709	36.741	0.49216	38.557	0.48533
3.4262	55.496	0.29279	53.765	0.3066	3.4262	36.771	0.49166	38.589	0.48484
3.4814	55.476	0.29339	53.746	0.30721	3.4814	36.76	0.49188	38.577	0.48506
3.5367	55.491	0.29341	53.762	0.30723	3.5367	36.775	0.49148	38.592	0.48467
3.592	55.496	0.29346	53.767	0.30727	3.592	36.787	0.49102	38.605	0.48422
3.6472	55.511	0.29349	53.783	0.3073	3.6472	36.792	0.49096	38.61	0.48416
3.7025	55.516	0.29333	53.788	0.30714	3.7025	36.824	0.4908	38.642	0.48401
3.7577	55.517	0.2934	53.789	0.30719	3.7577	36.86	0.48999	38.679	0.48322
3.813	55.516	0.29318	53.789	0.30699	3.813	36.876	0.49053	38.696	0.48377
3.8683	55.534	0.29382	53.807	0.30763	3.8683	36.89	0.48967	38.71	0.48291
3.9235	55.553	0.29363	53.827	0.30743	3.9235	36.91	0.4893	38.731	0.48255
3.9788	55.573	0.29323	53.846	0.30703	3.9788	36.958	0.48957	38.781	0.48283
4.034	55.591	0.29349	53.865	0.3073	4.034	36.997	0.48934	38.82	0.48261
4.0893	55.647	0.29429	53.92	0.30809	4.0893	36.998	0.48768	38.822	0.48096
4.1446	55.655	0.29377	53.929	0.30757	4.1446	37.054	0.48788	38.88	0.48119
4.1998	55.709	0.29345	53.983	0.30722	4.1998	37.073	0.48706	38.899	0.48037
4.2551	55.726	0.2928	54	0.30657	4.2551	37.106	0.48677	38.934	0.48011
4.3103	55.763	0.29332	54.037	0.30709	4.3103	37.124	0.48658	38.953	0.47992
4.3656	55.798	0.29341	54.072	0.30716	4.3656	37.135	0.48602	38.963	0.47936
4.4209	55.807	0.29338	54.082	0.30714	4.4209	37.153	0.48584	38.982	0.47919
4.4761	55.836	0.29389	54.112	0.30763	4.4761	37.13	0.48502	38.959	0.47837
4.5314	55.818	0.29331	54.095	0.30704	4.5314	37.153	0.48574	38.982	0.47909
4.5866	55.823	0.2933	54.1	0.30704	4.5866	37.158	0.486	38.987	0.47936
4.6419	55.85	0.29407	54.129	0.3078	4.6419	37.179	0.4849	39.008	0.47827
4.6972	55.818	0.29421	54.098	0.30796	4.6972	37.188	0.48588	39.017	0.47925
4.7524	55.836	0.29406	54.117	0.30781	4.7524	37.229	0.48569	39.059	0.47907
4.8077	55.877	0.2938	54.158	0.30755	4.8077	37.289	0.4855	39.122	0.47889
4.863	55.903	0.29437	54.186	0.30813	4.863	37.29	0.48596	39.123	0.47935
4.9182	55.928	0.29447	54.211	0.30822	4.9182	37.335	0.48577	39.169	0.47917
4.9735	55.959	0.29428	54.242	0.30801	4.9735	37.33	0.48547	39.164	0.47887
5.0287	55.95	0.29361	54.234	0.30734	5.0287	37.372	0.48588	39.208	0.47929
5.084	56.032	0.29469	54.315	0.30841	5.084	37.4	0.48379	39.237	0.47722
5.1393	56.01	0.29451	54.294	0.30822	5.1393	37.406	0.48421	39.243	0.47764
5.1945	56.033	0.29511	54.318	0.30882	5.1945	37.412	0.4831	39.249	0.47653
5.2498	56.053	0.2941	54.336	0.30779	5.2498	37.447	0.48305	39.285	0.4765
5.305	56.007	0.29308	54.292	0.30676	5.305	37.448	0.4842	39.286	0.47766
5.3603	56.045	0.2926	54.329	0.30625	5.3603	37.454	0.48358	39.292	0.47704
5.4156	56.058	0.29247	54.341	0.30612	5.4156	37.496	0.48384	39.336	0.47731
5.4708	56.06	0.29222	54.345	0.30587	5.4708	37.534	0.48349	39.376	0.47697
5.5261	56.11	0.2922	54.395	0.30583	5.5261	37.556	0.48302	39.398	0.47651
5.5813	56.117	0.2922	54.403	0.30583	5.5813	37.573	0.48329	39.415	0.47679
5.6366	56.136	0.29196	54.422	0.30557	5.6366	37.583	0.4829	39.426	0.4764
5.6919	56.177	0.29152	54.462	0.30511	5.6919	37.595	0.48251	39.438	0.47602
5.7471	56.161	0.29073	54.446	0.30432	5.7471	37.628	0.4831	39.472	0.47663
5.8024	56.255	0.29094	54.54	0.3045	5.8024	37.66	0.48214	39.506	0.47568
5.8576	56.265	0.29027	54.55	0.30382	5.8576	37.645	0.48311	39.489	0.47664
5.9129	56.347	0.29031	54.63	0.30384	5.9129	37.679	0.48202	39.526	0.47555
5.9682	56.394	0.28994	54.677	0.30346	5.9682	37.683	0.48312	39.529	0.47666
6.0234	56.419	0.29003	54.703	0.30355	6.0234	37.699	0.48318	39.546	0.47673
6.0787	56.463	0.28984	54.746	0.30336	6.0787	37.712	0.4836	39.56	0.47715
6.134	56.474	0.29035	54.758	0.30388	6.134	37.695	0.48387	39.541	0.47742
6.1892	56.456	0.2906	54.742	0.30414	6.1892	37.698	0.4841	39.544	0.47764
6.2445	56.471	0.2908	54.757	0.30433	6.2445	37.674	0.48402	39.519	0.47755
6.2997	56.469	0.291	54.756	0.30452	6.2997	37.7	0.48354	39.545	0.47708
6.355	56.471	0.29081	54.757	0.30433	6.355	37.709	0.48419	39.555	0.47772
6.4103	56.491	0.29036	54.777	0.30387	6.4103	37.739	0.48477	39.586	0.47831
6.4655	56.53	0.29018	54.816	0.30368	6.4655	37.773	0.48428	39.622	0.47783
6.5208	56.573	0.2904	54.86	0.30388	6.5208	37.794	0.48417	39.642	0.47772
6.576	56.592	0.28988	54.879	0.30335	6.576	37.82	0.48509	39.67	0.47865
6.6313	56.665	0.29064	54.953	0.30413	6.6313	37.841	0.48437	39.691	0.47793
6.6866	56.673	0.29087	54.962	0.30435	6.6866	37.849	0.48436	39.7	0.47793
6.7418	56.699	0.29084	54.988	0.30432	6.7418	37.884	0.48407	39.736	0.47764
6.7971	56.676	0.2909	54.967	0.30441	6.7971	37.93	0.48436	39.783	0.47795
6.8523	56.731	0.29224	55.022	0.30576	6.8523	37.93	0.48285	39.784	0.47644
6.9076	56.728	0.29202	55.019	0.30553	6.9076	37.96	0.48303	39.815	0.47663
6.9629	56.726	0.2923	55.018	0.30581	6.9629	37.958	0.48309	39.812	0.47669
7.0181	56.773	0.29161	55.064	0.30511	7.0181	38.006	0.4829	39.863	0.47651
7.0734	56.793	0.29165	55.085	0.30513	7.0734	38.01	0.48298	39.866	0.47659
7.1286	56.806	0.29096	55.098	0.30445	7.1286	38.027	0.48369	39.884	0.47731
7.1839	56.86	0.29095	55.151	0.30443	7.1839	38.06	0.48335	39.918	0.47698
7.2392	56.891	0.29183	55.182	0.30532	7.2392	38.074	0.48268	39.933	0.47631
7.2944	56.898	0.29164	55.19	0.30511	7.2944	38.07	0.48304	39.928	0.47667
7.3497	56.919	0.29113	55.21	0.30459	7.3497	38.11	0.48297	39.969	0.47661
7.405	56.97	0.29105	55.261	0.3045	7.405	38.138	0.4829	39.998	0.47656
7.4602	56.972	0.29124	55.264	0.30469	7.4602	38.159	0.48283	40.02	0.47649
7.5155	57.055	0.2908	55.347	0.30422	7.5155	38.175	0.48331	40.036	0.47697
7.5707	57.083	0.29082	55.374	0.30424	7.5707	38.183	0.48336	40.045	0.47702
7.626	57.103	0.29032	55.395	0.30374	7.626	38.242	0.48385	40.105	0.47753
7.6813	57.183	0.29074	55.475	0.30415	7.6813	38.263	0.48312	40.128	0.4768
7.7365	57.167	0.29057	55.459	0.30399	7.7365	38.305	0.48295	40.171	0.47665
7.7918	57.225	0.29091	55.518	0.30431	7.7918	38.321	0.48196	40.188	0.47567
7.847	57.238	0.29018	55.531	0.30356	7.847	38.338	0.48259	40.205	0.4763
7.9023	57.262	0.29059	55.555	0.30398	7.9023	38.366	0.48222	40.234	0.47594
7.9576	57.302	0.29023	55.596	0.30362	7.9576	38.391	0.48249	40.26	0.47622
8.0128	57.323	0.29054	55.617	0.30392	8.0128	38.425	0.48196	40.295	0.4757
8.0681	57.354	0.29089	55.649	0.30427	8.0681	38.433	0.48151	40.304	0.47525
8.1233	57.353	0.2904	55.648	0.30377	8.1233	38.477	0.48185	40.349	0.4756
8.1786	57.404	0.29094	55.699	0.30431	8.1786	38.485	0.48032	40.358	0.47408
8.2339	57.384	0.29107	55.68	0.30444	8.2339	38.479	0.47976	40.351	0.47353
8.2891	57.412	0.29054	55.708	0.30391	8.2891	38.506	0.48021	40.379	0.47399
8.3444	57.462	0.29065	55.758	0.30401	8.3444	38.546	0.4794	40.421	0.47319
8.3996	57.471	0.29028	55.768	0.30363	8.3996	38.567	0.47996	40.442	0.47375
8.4549	57.491	0.29026	55.789	0.30361	8.4549	38.584	0.48017	40.46	0.47396
8.5102	57.51	0.28989	55.808	0.30323	8.5102	38.6	0.48073	40.476	0.47453
8.5654	57.549	0.2895	55.847	0.30282	8.5654	38.609	0.48111	40.486	0.47491
8.6207	57.549	0.28934	55.849	0.30267	8.6207	38.639	0.48129	40.516	0.4751
8.676	57.56	0.28962	55.86	0.30295	8.676	38.636	0.48192	40.513	0.47574
8.7312	57.601	0.28937	55.9	0.30268	8.7312	38.645	0.48168	40.522	0.47549
8.7865	57.638	0.28937	55.937	0.30267	8.7865	38.662	0.48154	40.539	0.47536
8.8417	57.614	0.28881	55.913	0.3021	8.8417	38.687	0.482	40.565	0.47583
8.897	57.638	0.2885	55.938	0.3018	8.897	38.704	0.4822	40.583	0.47603
8.9523	57.674	0.28926	55.973	0.30256	8.9523	38.73	0.48148	40.61	0.47531
9.0075	57.678	0.28948	55.979	0.30277	9.0075	38.74	0.4816	40.62	0.47544
9.0628	57.702	0.28926	56.003	0.30255	9.0628	38.754	0.48193	40.635	0.47578
9.118	57.717	0.28889	56.019	0.30218	9.118	38.788	0.48232	40.67	0.47617
9.1733	57.75	0.2891	56.053	0.30239	9.1733	38.832	0.48148	40.715	0.47534
9.2286	57.743	0.28964	56.047	0.30292	9.2286	38.833	0.48108	40.716	0.47494
9.2838	57.751	0.28924	56.055	0.30252	9.2838	38.84	0.48167	40.723	0.47554
9.3391	57.794	0.28907	56.098	0.30233	9.3391	38.873	0.48115	40.757	0.47503
9.3943	57.795	0.28904	56.101	0.3023	9.3943	38.87	0.48129	40.754	0.47517
9.4496	57.826	0.2892	56.133	0.30246	9.4496	38.874	0.48103	40.757	0.47491
9.5049	57.839	0.28871	56.145	0.30197	9.5049	38.925	0.48107	40.811	0.47497
9.5601	57.848	0.28966	56.156	0.30293	9.5601	38.925	0.48099	40.81	0.47489
9.6154	57.828	0.28949	56.138	0.30276	9.6154	38.926	0.48176	40.811	0.47565
9.6706	57.886	0.29011	56.195	0.30338	9.6706	38.946	0.481	40.832	0.4749
9.7259	57.92	0.29025	56.23	0.30352	9.7259	38.948	0.48117	40.835	0.47507
9.7812	57.915	0.29081	56.226	0.3041	9.7812	38.919	0.4811	40.805	0.47499
9.8364	57.913	0.29098	56.225	0.30429	9.8364	38.945	0.48128	40.831	0.47518
9.8917	57.974	0.29154	56.285	0.30485	9.8917	38.987	0.4795	40.875	0.47341
9.9469	57.924	0.29192	56.238	0.30525	9.9469	39.024	0.47951	40.913	0.47344
10.002	57.928	0.2917	56.242	0.30501	10.002	39.005	0.47966	40.893	0.47358
10.057	57.98	0.29127	56.293	0.30456	10.057	39.022	0.48001	40.911	0.47393
10.113	57.985	0.29146	56.299	0.30477	10.113	38.993	0.48102	40.881	0.47493
10.168	57.989	0.29171	56.303	0.30501	10.168	39.008	0.48022	40.897	0.47414
10.223	58	0.29163	56.313	0.30494	10.223	39.007	0.48086	40.895	0.47478
10.279	58.011	0.29211	56.326	0.30543	10.279	39.018	0.48057	40.906	0.4745
10.334	57.997	0.29234	56.313	0.30567	10.334	39.033	0.48013	40.922	0.47406
10.389	58.004	0.29261	56.32	0.30594	10.389	39.024	0.47954	40.912	0.47347
10.444	57.97	0.29255	56.288	0.30588	10.444	39.006	0.48025	40.894	0.47418
10.5	57.967	0.29217	56.284	0.30551	10.5	39.053	0.47977	40.942	0.4737
10.555	57.936	0.29214	56.253	0.30547	10.555	39.078	0.47904	40.969	0.47299
10.61	57.911	0.29246	56.231	0.30581	10.61	39.062	0.47952	40.952	0.47346
10.665	57.903	0.29223	56.223	0.30559	10.665	39.065	0.47991	40.955	0.47386
10.721	57.931	0.29249	56.251	0.30584	10.721	39.046	0.47978	40.935	0.47372
10.776	57.937	0.29265	56.258	0.30599	10.776	39.018	0.47989	40.906	0.47382
10.831	57.955	0.29242	56.274	0.30577	10.831	39.02	0.48042	40.909	0.47435
10.886	57.952	0.29282	56.271	0.30617	10.886	39.013	0.47951	40.901	0.47344
10.942	57.934	0.29253	56.254	0.30588	10.942	39.011	0.48012	40.899	0.47405
10.997	57.93	0.29236	56.25	0.30571	10.997	39.03	0.47977	40.919	0.47371
11.052	57.927	0.29237	56.246	0.30572	11.052	39.026	0.47927	40.915	0.47321
11.107	57.883	0.29227	56.203	0.30562	11.107	39.037	0.4795	40.926	0.47344
11.163	57.881	0.2924	56.201	0.30575	11.163	39.015	0.47997	40.904	0.47389
11.218	57.876	0.29269	56.196	0.30605	11.218	38.989	0.48001	40.877	0.47393
11.273	57.857	0.29265	56.177	0.30601	11.273	39.012	0.47948	40.9	0.47341
11.328	57.835	0.29243	56.155	0.30578	11.328	39.038	0.47954	40.927	0.47347
11.384	57.775	0.29227	56.094	0.30564	11.384	39.007	0.47981	40.896	0.47375
11.439	57.764	0.29199	56.082	0.30536	11.439	39.01	0.48062	40.898	0.47454
11.494	57.739	0.29173	56.056	0.3051	11.494	39.013	0.48092	40.901	0.47485
11.55	57.732	0.29167	56.049	0.30505	11.55	39	0.48118	40.888	0.47511
11.605	57.72	0.29194	56.038	0.30532	11.605	38.994	0.48111	40.881	0.47504
11.66	57.729	0.2924	56.047	0.30578	11.66	39.016	0.4801	40.905	0.47403
11.715	57.702	0.29246	56.02	0.30584	11.715	39.014	0.47944	40.902	0.47339
11.771	57.692	0.29225	56.01	0.30563	11.771	39.013	0.47938	40.901	0.47332
11.826	57.69	0.29162	56.005	0.30499	11.826	39.01	0.47941	40.899	0.47335
11.881	57.623	0.29124	55.937	0.30463	11.881	39.002	0.47993	40.892	0.47386
11.936	57.622	0.29179	55.936	0.30519	11.936	38.973	0.47923	40.861	0.47317
11.992	57.578	0.2915	55.891	0.3049	11.992	38.972	0.47971	40.86	0.47364
12.047	57.587	0.29166	55.899	0.30507	12.047	38.967	0.48002	40.855	0.47395
12.102	57.611	0.29105	55.922	0.30445	12.102	38.951	0.48042	40.838	0.47434
12.157	57.561	0.29083	55.871	0.30423	12.157	38.974	0.48028	40.862	0.47421
12.213	57.531	0.28996	55.84	0.30336	12.213	38.958	0.48167	40.846	0.47559
12.268	57.552	0.29041	55.861	0.3038	12.268	38.912	0.48087	40.798	0.47478
12.323	57.51	0.2896	55.818	0.30299	12.323	38.951	0.48135	40.839	0.47526
12.378	57.48	0.2899	55.787	0.3033	12.378	38.982	0.48052	40.871	0.47444
12.434	57.422	0.28951	55.728	0.30292	12.434	38.972	0.48148	40.861	0.47539
12.489	57.417	0.28909	55.721	0.3025	12.489	39.007	0.48175	40.898	0.47566
12.544	57.404	0.2897	55.708	0.30311	12.544	38.942	0.48066	40.83	0.47456
12.599	57.38	0.28922	55.685	0.30265	12.599	38.942	0.4815	40.83	0.47541
12.655	57.379	0.28894	55.683	0.30236	12.655	38.947	0.4816	40.835	0.4755
12.71	57.373	0.28842	55.675	0.30184	12.71	38.949	0.48202	40.838	0.47591
12.765	57.342	0.28898	55.645	0.30242	12.765	38.941	0.48189	40.83	0.4758
12.821	57.312	0.28947	55.615	0.30292	12.821	38.923	0.48148	40.811	0.47537
12.876	57.279	0.28811	55.579	0.30158	12.876	38.922	0.48348	40.811	0.47736
12.931	57.286	0.29003	55.588	0.30353	12.931	38.819	0.48199	40.704	0.47587
12.986	57.277	0.29011	55.579	0.30361	12.986	38.796	0.48216	40.68	0.47604
13.042	57.252	0.29019	55.552	0.30369	13.042	38.761	0.48263	40.643	0.47649
13.097	57.23	0.28966	55.53	0.30316	13.097	38.785	0.48327	40.668	0.47713
13.152	57.243	0.28946	55.541	0.30294	13.152	38.774	0.48295	40.657	0.4768
13.207	57.239	0.2892	55.537	0.3027	13.207	38.775	0.48342	40.658	0.47727
13.263	57.243	0.2894	55.541	0.30291	13.263	38.81	0.48252	40.695	0.47638
13.318	57.217	0.28984	55.515	0.30336	13.318	38.809	0.48243	40.693	0.47629
13.373	57.162	0.2893	55.46	0.30282	13.373	38.801	0.48398	40.685	0.47783
13.428	57.146	0.29008	55.445	0.30362	13.428	38.767	0.48349	40.65	0.47733
13.484	57.159	0.29004	55.457	0.30359	13.484	38.761	0.48386	40.644	0.4777
13.539	57.122	0.29032	55.419	0.30388	13.539	38.753	0.48389	40.635	0.47773
13.594	57.1	0.29078	55.397	0.30437	13.594	38.728	0.48375	40.61	0.47758
13.649	57.117	0.29093	55.413	0.30451	13.649	38.735	0.48325	40.618	0.47708
13.705	57.104	0.29087	55.399	0.30446	13.705	38.741	0.4834	40.624	0.47723
13.76	57.079	0.29109	55.375	0.30469	13.76	38.739	0.48332	40.622	0.47716
13.815	57.121	0.29222	55.416	0.30583	13.815	38.704	0.48225	40.586	0.47607
13.87	57.061	0.29077	55.355	0.30437	13.87	38.753	0.48348	40.636	0.47731
13.926	57.078	0.29091	55.37	0.30451	13.926	38.768	0.48237	40.653	0.4762
13.981	57.057	0.29152	55.35	0.30512	13.981	38.751	0.48166	40.635	0.4755
14.036	57.041	0.29143	55.333	0.30505	14.036	38.739	0.48202	40.622	0.47585
14.092	57.038	0.29154	55.331	0.30515	14.092	38.722	0.48228	40.604	0.47611
14.147	57.048	0.29126	55.34	0.30489	14.147	38.76	0.48195	40.644	0.47579
14.202	57.045	0.29146	55.336	0.30508	14.202	38.751	0.48215	40.635	0.47598
14.257	57.014	0.29112	55.305	0.30475	14.257	38.766	0.48302	40.65	0.47685
14.313	57.025	0.29144	55.316	0.30509	14.313	38.75	0.48226	40.634	0.4761
14.368	57.023	0.29222	55.314	0.30588	14.368	38.708	0.48227	40.591	0.4761
14.423	57.013	0.29221	55.304	0.30588	14.423	38.691	0.48242	40.573	0.47624
14.478	56.973	0.29203	55.265	0.30572	14.478	38.68	0.48237	40.562	0.4762
14.534	56.992	0.29217	55.283	0.30585	14.534	38.654	0.48171	40.535	0.47554
14.589	57.001	0.29208	55.291	0.30577	14.589	38.667	0.48142	40.549	0.47525
14.644	56.993	0.29255	55.284	0.30625	14.644	38.669	0.48085	40.551	0.47469
14.699	56.979	0.29206	55.269	0.30575	14.699	38.675	0.4808	40.558	0.47464
14.755	56.969	0.29155	55.26	0.30522	14.755	38.689	0.481	40.571	0.47485
14.81	56.955	0.28976	55.246	0.30342	14.81	38.756	0.48276	40.641	0.47662
14.865	56.944	0.28891	55.234	0.30257	14.865	38.85	0.48269	40.739	0.47658
14.92	56.918	0.28878	55.208	0.30246	14.92	38.86	0.4823	40.749	0.4762
14.976	56.905	0.28934	55.198	0.30303	14.976	38.856	0.4814	40.745	0.47532
15.031	56.929	0.28898	55.22	0.30267	15.031	38.88	0.48212	40.77	0.47603
15.086	56.922	0.28768	55.212	0.30137	15.086	38.969	0.48266	40.863	0.47659
15.141	56.909	0.28802	55.202	0.30172	15.141	39.015	0.4809	40.91	0.47487
15.197	56.972	0.28859	55.266	0.3023	15.197	39.039	0.47788	40.936	0.47189
15.252	57.026	0.28905	55.32	0.30275	15.252	39.083	0.47504	40.982	0.46908
15.307	57.039	0.28858	55.332	0.30227	15.307	39.196	0.47447	41.099	0.46855
15.363	57.004	0.28817	55.298	0.30187	15.363	39.27	0.47655	41.176	0.47062
15.418	56.98	0.28822	55.273	0.30191	15.418	39.291	0.47672	41.197	0.47078
15.473	57.016	0.28728	55.307	0.30094	15.473	39.342	0.47744	41.25	0.4715
15.528	57.012	0.28622	55.301	0.29987	15.528	39.416	0.47806	41.327	0.47212
15.584	56.998	0.28562	55.285	0.29926	15.584	39.426	0.4788	41.338	0.47286
15.639	56.987	0.28554	55.274	0.29917	15.639	39.414	0.47851	41.325	0.47256
15.694	56.993	0.2851	55.278	0.29873	15.694	39.427	0.47837	41.339	0.47242
15.749	56.98	0.28487	55.264	0.29849	15.749	39.434	0.47785	41.346	0.47191
15.805	56.981	0.28474	55.263	0.29834	15.805	39.39	0.47595	41.302	0.47002
15.86	56.967	0.28409	55.248	0.29767	15.86	39.396	0.47734	41.308	0.47139
15.915	56.955	0.28412	55.235	0.2977	15.915	39.374	0.47722	41.285	0.47126
15.97	56.939	0.28369	55.219	0.29726	15.97	39.371	0.47748	41.281	0.47151
16.026	56.933	0.28408	55.213	0.29767	16.026	39.321	0.47689	41.23	0.47093
16.081	56.908	0.28438	55.188	0.29797	16.081	39.282	0.47783	41.189	0.47185
16.136	56.882	0.28433	55.162	0.29793	16.136	39.229	0.47819	41.134	0.47222
16.191	56.887	0.28416	55.167	0.29775	16.191	39.167	0.47871	41.069	0.47272
16.247	56.909	0.28528	55.189	0.29887	16.247	39.132	0.47824	41.033	0.47222
16.302	56.909	0.28548	55.188	0.29908	16.302	39.085	0.47875	40.985	0.47273
16.357	56.903	0.28583	55.181	0.29943	16.357	39.061	0.4786	40.96	0.47258
16.412	56.887	0.28632	55.165	0.29993	16.412	39.018	0.47893	40.914	0.47289
16.468	56.886	0.28595	55.163	0.29956	16.468	39.007	0.48026	40.903	0.47421
16.523	56.888	0.28605	55.164	0.29965	16.523	38.981	0.48071	40.876	0.47465
16.578	56.867	0.28623	55.143	0.29983	16.578	38.954	0.48147	40.848	0.47539
16.634	56.823	0.28627	55.098	0.29988	16.634	38.933	0.48173	40.827	0.47564
16.689	56.85	0.28583	55.123	0.29942	16.689	38.975	0.48104	40.87	0.47496
16.744	56.823	0.28638	55.095	0.29999	16.744	38.953	0.48217	40.848	0.47607
16.799	56.815	0.28649	55.087	0.3001	16.799	38.917	0.48172	40.811	0.47561
16.855	56.771	0.28652	55.042	0.30013	16.855	38.893	0.48175	40.786	0.47564
16.91	56.757	0.28588	55.028	0.29949	16.91	38.885	0.48338	40.777	0.47725
16.965	56.751	0.28569	55.021	0.2993	16.965	38.869	0.48358	40.761	0.47745
17.02	56.718	0.28594	54.988	0.29957	17.02	38.842	0.48441	40.733	0.47827
17.076	56.724	0.28572	54.992	0.29934	17.076	38.825	0.48469	40.715	0.47853
17.131	56.735	0.28553	55.003	0.29915	17.131	38.804	0.48476	40.693	0.47861
17.186	56.764	0.28584	55.031	0.29946	17.186	38.783	0.48476	40.671	0.47859
17.241	56.746	0.28482	55.01	0.29842	17.241	38.767	0.48478	40.655	0.47861
17.297	56.68	0.28485	54.944	0.29848	17.297	38.735	0.48603	40.622	0.47985
17.352	56.661	0.28461	54.926	0.29824	17.352	38.718	0.48651	40.605	0.48032
17.407	56.681	0.28522	54.945	0.29886	17.407	38.673	0.48498	40.558	0.47879
17.462	56.666	0.28507	54.928	0.29871	17.462	38.69	0.4856	40.575	0.47941
17.518	56.619	0.28498	54.882	0.29864	17.518	38.675	0.48557	40.559	0.47939
17.573	56.663	0.28518	54.925	0.29883	17.573	38.665	0.48519	40.549	0.479
17.628	56.646	0.28536	54.908	0.29903	17.628	38.63	0.4861	40.513	0.47989
17.683	56.618	0.28499	54.878	0.29867	17.683	38.594	0.48646	40.476	0.48024
17.739	56.591	0.28489	54.851	0.29857	17.739	38.564	0.48704	40.445	0.48081
17.794	56.554	0.28618	54.816	0.2999	17.794	38.485	0.48628	40.363	0.48004
17.849	56.581	0.28688	54.841	0.30062	17.849	38.453	0.48556	40.33	0.47931
17.905	56.532	0.28683	54.794	0.30058	17.905	38.429	0.48653	40.305	0.48027
17.96	56.548	0.28668	54.808	0.30042	17.96	38.422	0.48668	40.298	0.48042
18.015	56.597	0.28721	54.856	0.30095	18.015	38.412	0.48613	40.288	0.47986
18.07	56.59	0.28735	54.848	0.30111	18.07	38.359	0.48637	40.233	0.48008
18.126	56.565	0.28735	54.823	0.30111	18.126	38.345	0.48593	40.219	0.47966
18.181	56.523	0.28679	54.781	0.30057	18.181	38.351	0.4874	40.225	0.48111
18.236	56.507	0.2872	54.765	0.30098	18.236	38.337	0.48728	40.211	0.48099
18.291	56.495	0.28695	54.752	0.30074	18.291	38.318	0.48682	40.191	0.48053
18.347	56.492	0.28691	54.749	0.30069	18.347	38.321	0.4865	40.195	0.48021
18.402	56.453	0.28669	54.709	0.30048	18.402	38.311	0.48701	40.184	0.48072
18.457	56.435	0.28649	54.691	0.30027	18.457	38.279	0.48753	40.151	0.48123
18.512	56.437	0.28577	54.692	0.29955	18.512	38.3	0.48787	40.173	0.48156
18.568	56.407	0.28575	54.662	0.29954	18.568	38.258	0.48763	40.129	0.48134
18.623	56.399	0.28654	54.655	0.30035	18.623	38.224	0.48759	40.094	0.48128
18.678	56.366	0.28712	54.623	0.30094	18.678	38.184	0.48669	40.053	0.48037
18.733	56.378	0.28674	54.633	0.30055	18.733	38.182	0.48639	40.051	0.48009
18.789	56.345	0.28721	54.6	0.30104	18.789	38.125	0.48674	39.992	0.48043
18.844	56.318	0.28752	54.574	0.30135	18.844	38.101	0.48591	39.967	0.47959
18.899	56.315	0.28734	54.569	0.30118	18.899	38.083	0.48694	39.949	0.48061
18.954	56.296	0.28803	54.55	0.30187	18.954	38.04	0.48572	39.904	0.4794
19.01	56.279	0.28829	54.534	0.30216	19.01	38.031	0.48736	39.895	0.48102
19.065	56.255	0.28926	54.509	0.30315	19.065	37.995	0.48677	39.857	0.48041
19.12	56.247	0.28849	54.5	0.30237	19.12	38.02	0.48747	39.883	0.4811
19.176	56.264	0.28826	54.515	0.30215	19.176	38.011	0.48752	39.874	0.48114
19.231	56.236	0.28931	54.488	0.30321	19.231	37.962	0.48617	39.824	0.47979
19.286	56.238	0.28837	54.488	0.30225	19.286	37.985	0.48746	39.847	0.48109
19.341	56.197	0.28874	54.448	0.30266	19.341	37.947	0.48805	39.809	0.48166
19.397	56.197	0.28925	54.448	0.30318	19.397	37.915	0.48717	39.775	0.48077
19.452	56.236	0.29037	54.486	0.30434	19.452	37.858	0.48602	39.716	0.47962
19.507	56.217	0.29191	54.468	0.30591	19.507	37.768	0.48429	39.624	0.47789
19.562	56.201	0.29165	54.45	0.30564	19.562	37.747	0.48494	39.602	0.47852
19.618	56.198	0.29131	54.446	0.30534	19.618	37.714	0.48572	39.568	0.47929
19.673	56.298	0.29352	54.544	0.30757	19.673	37.691	0.48119	39.545	0.47479
19.728	56.33	0.29394	54.574	0.30801	19.728	37.69	0.4814	39.545	0.47501
19.783	56.355	0.29547	54.598	0.30957	19.783	37.655	0.48053	39.509	0.47413
19.839	56.378	0.29556	54.619	0.30964	19.839	37.639	0.47965	39.493	0.47323
19.894	56.324	0.29641	54.566	0.31051	19.894	37.548	0.4793	39.398	0.47287
19.949	56.321	0.29615	54.561	0.31026	19.949	37.563	0.47882	39.415	0.47239
20.004	56.349	0.29543	54.586	0.3095	20.004	37.576	0.47809	39.428	0.47166
20.06	56.332	0.29584	54.57	0.30992	20.06	37.544	0.47871	39.396	0.47227
20.115	56.316	0.29623	54.553	0.31031	20.115	37.545	0.47826	39.396	0.47181
20.17	56.32	0.2958	54.555	0.30988	20.17	37.556	0.47817	39.408	0.47173
20.225	56.289	0.29574	54.525	0.30983	20.225	37.521	0.47811	39.372	0.47167
20.281	56.315	0.29606	54.55	0.31015	20.281	37.503	0.47779	39.354	0.47134
20.336	56.303	0.29516	54.535	0.30923	20.336	37.511	0.47835	39.362	0.47189
20.391	56.285	0.29651	54.52	0.31062	20.391	37.474	0.47781	39.324	0.47136
20.447	56.298	0.29655	54.531	0.31065	20.447	37.476	0.47748	39.326	0.47102
20.502	56.297	0.29629	54.529	0.3104	20.502	37.479	0.47704	39.329	0.47059
20.557	56.278	0.29613	54.509	0.31026	20.557	37.462	0.47777	39.312	0.47131
20.612	56.304	0.29619	54.535	0.31029	20.612	37.456	0.47703	39.306	0.47056
20.668	56.272	0.29679	54.503	0.31092	20.668	37.417	0.47649	39.265	0.47003
20.723	56.284	0.2963	54.513	0.31042	20.723	37.428	0.4776	39.277	0.47113
20.778	56.233	0.29678	54.463	0.31092	20.778	37.4	0.47753	39.248	0.47105
20.833	56.255	0.29663	54.484	0.31076	20.833	37.385	0.4779	39.233	0.47141
20.889	56.23	0.29635	54.458	0.3105	20.889	37.375	0.47851	39.223	0.472
20.944	56.228	0.29671	54.456	0.31086	20.944	37.383	0.47783	39.231	0.47133
20.999	56.197	0.29708	54.425	0.31125	20.999	37.381	0.47823	39.229	0.47172
21.054	56.171	0.29731	54.399	0.31148	21.054	37.34	0.47842	39.186	0.47189
21.11	56.168	0.29728	54.395	0.31147	21.11	37.329	0.4785	39.176	0.47198
21.165	56.157	0.29807	54.385	0.31228	21.165	37.308	0.47869	39.154	0.47215
21.22	56.142	0.29787	54.368	0.31207	21.22	37.294	0.47892	39.139	0.47236
21.275	56.127	0.29794	54.353	0.31216	21.275	37.285	0.47916	39.13	0.4726
21.331	56.119	0.29843	54.346	0.31266	21.331	37.252	0.47945	39.095	0.47288
21.386	56.123	0.29843	54.348	0.31265	21.386	37.225	0.47939	39.067	0.47281
21.441	56.086	0.29813	54.311	0.31237	21.441	37.215	0.47992	39.058	0.47334
21.496	56.081	0.29877	54.306	0.31301	21.496	37.188	0.47937	39.029	0.47278
21.552	56.009	0.29846	54.235	0.31273	21.552	37.205	0.48055	39.047	0.47398
21.607	56.01	0.29878	54.235	0.31301	21.607	37.177	0.47927	39.018	0.47269
21.662	55.941	0.29752	54.165	0.3118	21.662	37.204	0.48193	39.046	0.47534
21.718	55.972	0.29953	54.198	0.31383	21.718	37.148	0.47983	38.989	0.47323
