Time	Fascicle Length R1_F1	Pennation Angle R1_F1	Fascicle Length R1_F2	Pennation Angle R1_F2	Time	Fascicle Length R2_F1	Pennation Angle R2_F1	Fascicle Length R2_F2	Pennation Angle R2_F2	
0.055261	54.253	0.3718	56.421	0.35086	0.055261	29.081	0.55667	28.102	0.46533
0.11052	54.233	0.37167	56.398	0.35072	0.11052	29.096	0.55638	28.113	0.46522
0.16578	54.306	0.3722	56.471	0.35128	0.16578	29.113	0.55499	28.131	0.46396
0.22104	54.307	0.37212	56.469	0.35123	0.22104	29.124	0.55508	28.137	0.46407
0.2763	54.331	0.37214	56.493	0.35126	0.2763	29.145	0.55408	28.155	0.46337
0.33156	54.357	0.37226	56.518	0.35141	0.33156	29.159	0.55287	28.167	0.46225
0.38683	54.417	0.37337	56.577	0.35255	0.38683	29.153	0.5509	28.162	0.46038
0.44209	54.41	0.37335	56.567	0.35254	0.44209	29.18	0.54963	28.186	0.45942
0.49735	54.471	0.37422	56.627	0.35343	0.49735	29.188	0.54772	28.195	0.45766
0.55261	54.44	0.37413	56.593	0.35334	0.55261	29.181	0.54749	28.189	0.45755
0.60787	54.456	0.37458	56.606	0.35381	0.60787	29.171	0.54661	28.179	0.45681
0.66313	54.497	0.37448	56.647	0.35374	0.66313	29.182	0.54557	28.189	0.45589
0.71839	54.549	0.37523	56.697	0.35451	0.71839	29.172	0.54478	28.178	0.45512
0.77365	54.527	0.37534	56.672	0.35463	0.77365	29.172	0.5443	28.18	0.45475
0.82891	54.535	0.37574	56.678	0.35504	0.82891	29.147	0.54334	28.16	0.45384
0.88417	54.522	0.37585	56.663	0.35514	0.88417	29.163	0.54322	28.171	0.45386
0.93943	54.523	0.37561	56.662	0.35491	0.93943	29.179	0.54253	28.185	0.45339
0.99469	54.537	0.37643	56.671	0.35574	0.99469	29.186	0.54193	28.187	0.45287
1.05	54.602	0.37669	56.738	0.35602	1.05	29.199	0.5407	28.201	0.45173
1.1052	54.599	0.37641	56.733	0.35577	1.1052	29.213	0.54032	28.212	0.45149
1.1605	54.567	0.37652	56.697	0.35587	1.1605	29.23	0.53976	28.224	0.45114
1.2157	54.636	0.37671	56.766	0.35608	1.2157	29.258	0.53828	28.248	0.44984
1.271	54.624	0.37665	56.751	0.35603	1.271	29.281	0.53794	28.267	0.4497
1.3263	54.643	0.37743	56.765	0.35683	1.3263	29.285	0.53691	28.266	0.44883
1.3815	54.682	0.37736	56.804	0.35679	1.3815	29.292	0.53596	28.27	0.44799
1.4368	54.728	0.37712	56.848	0.35658	1.4368	29.323	0.53545	28.296	0.44767
1.492	54.727	0.37739	56.845	0.35686	1.492	29.336	0.53497	28.303	0.44734
1.5473	54.749	0.37727	56.866	0.35676	1.5473	29.349	0.53441	28.313	0.44691
1.6026	54.8	0.37761	56.917	0.35714	1.6026	29.358	0.53302	28.32	0.44561
1.6578	54.777	0.37724	56.891	0.35677	1.6578	29.361	0.53333	28.321	0.446
1.7131	54.808	0.37749	56.921	0.35705	1.7131	29.339	0.53304	28.301	0.44566
1.7683	54.83	0.37707	56.942	0.35665	1.7683	29.357	0.5329	28.316	0.44567
1.8236	54.854	0.3768	56.965	0.3564	1.8236	29.359	0.53296	28.315	0.4458
1.8789	54.883	0.37745	56.992	0.35708	1.8789	29.358	0.53147	28.315	0.44445
1.9341	54.903	0.37752	57.011	0.35715	1.9341	29.37	0.53056	28.326	0.44366
1.9894	54.916	0.37736	57.022	0.35702	1.9894	29.365	0.53073	28.321	0.4439
2.0447	54.943	0.37772	57.047	0.3574	2.0447	29.38	0.53004	28.333	0.4433
2.0999	54.982	0.37794	57.084	0.35763	2.0999	29.394	0.52937	28.344	0.44276
2.1552	55.035	0.37811	57.137	0.35782	2.1552	29.414	0.52883	28.36	0.44229
2.2104	55.005	0.37888	57.103	0.35858	2.2104	29.417	0.52829	28.362	0.44185
2.2657	55.053	0.37859	57.152	0.35831	2.2657	29.441	0.52779	28.381	0.44151
2.321	55.096	0.3788	57.194	0.35853	2.321	29.459	0.52605	28.4	0.44
2.3762	55.129	0.37931	57.225	0.35907	2.3762	29.47	0.52454	28.406	0.43872
2.4315	55.138	0.37856	57.232	0.35835	2.4315	29.5	0.52433	28.432	0.43875
2.4867	55.151	0.37844	57.243	0.35824	2.4867	29.514	0.52403	28.441	0.43862
2.542	55.194	0.37778	57.285	0.3576	2.542	29.519	0.52431	28.444	0.43898
2.5973	55.151	0.37738	57.239	0.3572	2.5973	29.546	0.52406	28.467	0.4389
2.6525	55.151	0.37621	57.24	0.35604	2.6525	29.554	0.52527	28.472	0.44004
2.7078	55.168	0.37508	57.256	0.35493	2.7078	29.588	0.52582	28.501	0.44074
2.763	55.166	0.37548	57.251	0.35534	2.763	29.606	0.52484	28.515	0.43997
2.8183	55.156	0.37433	57.24	0.35422	2.8183	29.649	0.52462	28.552	0.43988
2.8736	55.191	0.3731	57.276	0.35303	2.8736	29.676	0.52462	28.572	0.44004
2.9288	55.18	0.37235	57.263	0.35228	2.9288	29.734	0.5238	28.624	0.43956
2.9841	55.201	0.3724	57.281	0.35235	2.9841	29.751	0.52304	28.637	0.43906
3.0393	55.285	0.37167	57.367	0.35166	3.0393	29.776	0.5226	28.659	0.43879
3.0946	55.365	0.37252	57.444	0.35252	3.0946	29.783	0.52091	28.663	0.43728
3.1499	55.423	0.37296	57.501	0.35299	3.1499	29.806	0.51871	28.684	0.4354
3.2051	55.456	0.37241	57.533	0.35248	3.2051	29.807	0.51862	28.684	0.43536
3.2604	55.496	0.37159	57.573	0.35168	3.2604	29.867	0.51777	28.736	0.43486
3.3156	55.543	0.37155	57.618	0.35168	3.3156	29.871	0.51741	28.739	0.43457
3.3709	55.596	0.37125	57.669	0.35141	3.3709	29.909	0.51671	28.771	0.43412
3.4262	55.655	0.37141	57.728	0.35161	3.4262	29.925	0.51519	28.785	0.43277
3.4814	55.608	0.36993	57.68	0.35009	3.4814	29.971	0.51601	28.824	0.43385
3.5367	55.596	0.36982	57.668	0.34992	3.5367	29.954	0.5164	28.812	0.43444
3.592	55.589	0.37097	57.659	0.35099	3.592	29.925	0.51545	28.793	0.43363
3.6472	55.571	0.37199	57.638	0.35196	3.6472	29.926	0.51357	28.795	0.43191
3.7025	55.596	0.37178	57.661	0.35177	3.7025	29.924	0.514	28.792	0.43233
3.7577	55.663	0.37164	57.728	0.35166	3.7577	29.947	0.51355	28.812	0.43204
3.813	55.644	0.37122	57.705	0.35125	3.813	29.984	0.51365	28.841	0.43235
3.8683	55.698	0.371	57.757	0.35105	3.8683	29.999	0.51289	28.851	0.43171
3.9235	55.751	0.37092	57.809	0.35101	3.9235	29.997	0.51265	28.848	0.43152
3.9788	55.851	0.37022	57.909	0.35038	3.9788	30.022	0.51206	28.867	0.43101
4.034	55.843	0.36993	57.9	0.35009	4.034	30.053	0.51241	28.89	0.43153
4.0893	55.933	0.37018	57.988	0.35039	4.0893	30.07	0.51133	28.904	0.43051
4.1446	55.996	0.37025	58.051	0.35053	4.1446	30.088	0.51015	28.918	0.42941
4.1998	55.975	0.36925	58.031	0.34955	4.1998	30.119	0.5111	28.941	0.43039
4.2551	56.011	0.36834	58.066	0.34869	4.2551	30.17	0.51153	28.981	0.43092
4.3103	56.031	0.36881	58.085	0.34918	4.3103	30.182	0.51102	28.99	0.43048
4.3656	56.143	0.36915	58.196	0.34956	4.3656	30.2	0.51039	29.005	0.42991
4.4209	56.191	0.36935	58.244	0.34975	4.4209	30.239	0.51054	29.039	0.43014
4.4761	56.204	0.36971	58.256	0.35012	4.4761	30.243	0.50993	29.04	0.42957
4.5314	56.197	0.37014	58.246	0.35054	4.5314	30.255	0.50904	29.05	0.42886
4.5866	56.273	0.36989	58.323	0.35032	4.5866	30.269	0.50798	29.064	0.42791
4.6419	56.28	0.36957	58.331	0.35003	4.6419	30.307	0.5073	29.096	0.42744
4.6972	56.288	0.36917	58.339	0.34963	4.6972	30.347	0.50741	29.131	0.42762
4.7524	56.322	0.36936	58.371	0.34982	4.7524	30.35	0.50697	29.133	0.42731
4.8077	56.378	0.36997	58.426	0.35046	4.8077	30.356	0.50609	29.137	0.42646
4.863	56.433	0.36943	58.481	0.34998	4.863	30.385	0.50567	29.162	0.42618
4.9182	56.463	0.36902	58.51	0.34957	4.9182	30.392	0.50532	29.168	0.42591
4.9735	56.46	0.3688	58.507	0.34935	4.9735	30.4	0.50541	29.175	0.42605
5.0287	56.513	0.36864	58.56	0.34921	5.0287	30.419	0.50495	29.192	0.42563
5.084	56.513	0.36831	58.559	0.34888	5.084	30.457	0.50447	29.224	0.42537
5.1393	56.536	0.36818	58.581	0.34875	5.1393	30.476	0.50449	29.24	0.4255
5.1945	56.613	0.36843	58.658	0.34904	5.1945	30.479	0.50348	29.241	0.42457
5.2498	56.643	0.36879	58.688	0.34937	5.2498	30.498	0.50339	29.258	0.42459
5.305	56.636	0.36866	58.679	0.34924	5.305	30.506	0.50332	29.261	0.42469
5.3603	56.637	0.36872	58.676	0.3493	5.3603	30.503	0.50298	29.257	0.42448
5.4156	56.651	0.36852	58.69	0.34909	5.4156	30.508	0.50281	29.264	0.42443
5.4708	56.671	0.36791	58.71	0.3485	5.4708	30.523	0.50242	29.278	0.42418
5.5261	56.666	0.36819	58.701	0.34877	5.5261	30.512	0.50274	29.264	0.42452
5.5813	56.711	0.36811	58.746	0.34871	5.5813	30.526	0.50243	29.274	0.42435
5.6366	56.767	0.36744	58.801	0.34809	5.6366	30.552	0.5024	29.297	0.4245
5.6919	56.805	0.36806	58.837	0.34873	5.6919	30.565	0.50125	29.306	0.42344
5.7471	56.875	0.36767	58.908	0.34838	5.7471	30.586	0.50032	29.324	0.4226
5.8024	56.856	0.36683	58.888	0.34757	5.8024	30.603	0.50089	29.338	0.42325
5.8576	56.893	0.36647	58.927	0.34724	5.8576	30.639	0.50012	29.369	0.42266
5.9129	56.946	0.36588	58.98	0.3467	5.9129	30.669	0.50006	29.392	0.42268
5.9682	56.976	0.36525	59.009	0.34609	5.9682	30.696	0.50015	29.413	0.42289
6.0234	57.025	0.3658	59.056	0.34667	6.0234	30.704	0.4993	29.417	0.42214
6.0787	57.088	0.36577	59.117	0.34667	6.0787	30.712	0.49887	29.422	0.42177
6.134	57.097	0.36532	59.125	0.34624	6.134	30.731	0.4993	29.439	0.42229
6.1892	57.151	0.36493	59.18	0.34588	6.1892	30.735	0.50002	29.441	0.42294
6.2445	57.203	0.36485	59.232	0.34584	6.2445	30.75	0.49983	29.451	0.42277
6.2997	57.218	0.36488	59.244	0.34588	6.2997	30.743	0.50045	29.441	0.42339
6.355	57.277	0.36468	59.303	0.34571	6.355	30.748	0.49939	29.447	0.42244
6.4103	57.32	0.36471	59.347	0.34573	6.4103	30.772	0.49899	29.47	0.42218
6.4655	57.323	0.36544	59.348	0.34646	6.4655	30.779	0.49803	29.475	0.4213
6.5208	57.368	0.36589	59.391	0.34691	6.5208	30.76	0.49757	29.459	0.42082
6.576	57.323	0.36638	59.344	0.34739	6.576	30.74	0.49817	29.439	0.42129
6.6313	57.365	0.36602	59.387	0.34704	6.6313	30.73	0.49798	29.432	0.4211
6.6866	57.38	0.36607	59.402	0.34709	6.6866	30.74	0.49751	29.442	0.42073
6.7418	57.403	0.3663	59.424	0.34735	6.7418	30.728	0.49703	29.431	0.42021
6.7971	57.421	0.3666	59.443	0.34765	6.7971	30.734	0.49661	29.436	0.41978
6.8523	57.389	0.36647	59.411	0.34751	6.8523	30.739	0.49674	29.439	0.41995
6.9076	57.426	0.36618	59.448	0.34723	6.9076	30.747	0.49594	29.449	0.41919
6.9629	57.385	0.36662	59.407	0.34766	6.9629	30.744	0.49539	29.447	0.41863
7.0181	57.372	0.36581	59.395	0.34685	7.0181	30.76	0.49613	29.461	0.4194
7.0734	57.38	0.36517	59.405	0.34624	7.0734	30.768	0.49664	29.468	0.41983
7.1286	57.355	0.3651	59.379	0.34617	7.1286	30.774	0.49692	29.471	0.42008
7.1839	57.393	0.36401	59.42	0.34511	7.1839	30.805	0.49702	29.501	0.42024
7.2392	57.362	0.36456	59.388	0.34564	7.2392	30.786	0.49681	29.484	0.42002
7.2944	57.318	0.36434	59.344	0.34543	7.2944	30.761	0.49728	29.46	0.42042
7.3497	57.332	0.36325	59.36	0.34438	7.3497	30.796	0.49731	29.491	0.42058
7.405	57.356	0.363	59.384	0.34417	7.405	30.775	0.49769	29.472	0.42078
7.4602	57.339	0.36365	59.366	0.34487	7.4602	30.769	0.49766	29.462	0.42068
7.5155	57.416	0.36353	59.444	0.34483	7.5155	30.77	0.4971	29.463	0.41997
7.5707	57.412	0.36377	59.439	0.34512	7.5707	30.756	0.49644	29.449	0.41914
7.626	57.295	0.36305	59.323	0.34436	7.626	30.746	0.49778	29.444	0.42033
7.6813	57.139	0.36243	59.167	0.34367	7.6813	30.794	0.49878	29.484	0.42143
7.7365	57.146	0.36214	59.176	0.34339	7.7365	30.78	0.499	29.472	0.42157
7.7918	57.108	0.36256	59.137	0.34381	7.7918	30.747	0.49842	29.445	0.42095
7.847	57.149	0.36278	59.179	0.34406	7.847	30.712	0.49804	29.416	0.42042
7.9023	57.142	0.36303	59.172	0.34433	7.9023	30.7	0.49774	29.406	0.42011
7.9576	57.186	0.36293	59.216	0.34427	7.9576	30.713	0.49683	29.417	0.41932
8.0128	57.199	0.36339	59.228	0.34479	8.0128	30.698	0.49593	29.401	0.41837
8.0681	57.231	0.36167	59.263	0.34311	8.0681	30.731	0.4966	29.431	0.41907
8.1233	57.166	0.36092	59.199	0.34235	8.1233	30.716	0.49743	29.418	0.41984
8.1786	57.084	0.36127	59.116	0.3426	8.1786	30.692	0.49725	29.403	0.4197
8.2339	56.961	0.35923	58.996	0.34046	8.2339	30.721	0.49829	29.433	0.42099
8.2891	56.93	0.3594	58.965	0.34061	8.2891	30.729	0.49867	29.436	0.42142
8.3444	56.914	0.35946	58.947	0.34067	8.3444	30.722	0.49872	29.429	0.42145
8.3996	56.959	0.35913	58.994	0.34036	8.3996	30.721	0.49863	29.431	0.42136
8.4549	56.942	0.36027	58.976	0.34149	8.4549	30.711	0.49819	29.421	0.42092
8.5102	56.975	0.35947	59.012	0.34073	8.5102	30.751	0.49861	29.457	0.4213
8.5654	56.949	0.35971	58.986	0.34095	8.5654	30.782	0.49866	29.48	0.42152
8.6207	57.013	0.36052	59.05	0.34179	8.6207	30.777	0.49801	29.472	0.42087
8.676	57.013	0.36134	59.049	0.34261	8.676	30.785	0.49737	29.477	0.42024
8.7312	57.026	0.36132	59.062	0.34263	8.7312	30.786	0.49686	29.476	0.41976
8.7865	57.041	0.36089	59.08	0.3422	8.7865	30.79	0.49687	29.483	0.41973
8.8417	57.014	0.36045	59.053	0.34178	8.8417	30.802	0.49751	29.491	0.42035
8.897	57.004	0.36032	59.042	0.34168	8.897	30.788	0.49722	29.475	0.42002
8.9523	56.981	0.35997	59.02	0.34134	8.9523	30.781	0.4975	29.468	0.42022
9.0075	56.948	0.3595	58.987	0.34087	9.0075	30.82	0.49798	29.502	0.42081
9.0628	56.948	0.35979	58.989	0.34117	9.0628	30.815	0.49753	29.498	0.4203
9.118	56.948	0.35986	58.991	0.34124	9.118	30.829	0.49764	29.512	0.42038
9.1733	56.87	0.36059	58.911	0.34194	9.1733	30.82	0.49854	29.5	0.42111
9.2286	56.837	0.36042	58.879	0.34176	9.2286	30.803	0.49977	29.483	0.42215
9.2838	56.834	0.36023	58.878	0.34157	9.2838	30.763	0.50041	29.452	0.42258
9.3391	56.812	0.36056	58.858	0.34188	9.3391	30.761	0.50098	29.451	0.42298
9.3943	56.748	0.36056	58.793	0.34184	9.3943	30.739	0.50205	29.432	0.42393
9.4496	56.756	0.36029	58.806	0.34156	9.4496	30.718	0.50208	29.417	0.42381
9.5049	56.746	0.3603	58.799	0.34156	9.5049	30.705	0.5016	29.409	0.42336
9.5601	56.726	0.36064	58.78	0.34188	9.5601	30.689	0.50148	29.397	0.4232
9.6154	56.695	0.36046	58.75	0.34169	9.6154	30.675	0.50268	29.384	0.42425
9.6706	56.669	0.36057	58.725	0.34179	9.6706	30.686	0.50313	29.392	0.42463
9.7259	56.641	0.35967	58.698	0.34087	9.7259	30.73	0.50401	29.431	0.4256
9.7812	56.674	0.36047	58.732	0.34166	9.7812	30.686	0.50274	29.399	0.4242
9.8364	56.654	0.36104	58.714	0.34221	9.8364	30.64	0.50251	29.361	0.42386
9.8917	56.615	0.36084	58.675	0.34199	9.8917	30.64	0.50398	29.362	0.4252
9.9469	56.602	0.36029	58.664	0.34144	9.9469	30.665	0.50448	29.383	0.42568
10.002	56.571	0.36045	58.634	0.34157	10.002	30.618	0.50583	29.344	0.42675
10.057	56.566	0.36131	58.631	0.34241	10.057	30.587	0.50592	29.32	0.42662
10.113	56.536	0.36102	58.602	0.34212	10.113	30.564	0.50609	29.301	0.42674
10.168	56.52	0.36148	58.586	0.34258	10.168	30.549	0.50632	29.287	0.42682
10.223	56.491	0.36037	58.56	0.34147	10.223	30.531	0.50705	29.275	0.4275
10.279	56.448	0.36018	58.517	0.34124	10.279	30.506	0.50717	29.254	0.42761
10.334	56.44	0.36055	58.513	0.34157	10.334	30.483	0.50643	29.239	0.42681
10.389	56.387	0.36068	58.46	0.34166	10.389	30.465	0.50666	29.226	0.42699
10.444	56.375	0.36138	58.449	0.34236	10.444	30.447	0.50628	29.21	0.4266
10.5	56.398	0.36146	58.474	0.34241	10.5	30.454	0.50647	29.221	0.42667
10.555	56.298	0.36141	58.375	0.34231	10.555	30.432	0.50778	29.2	0.42784
10.61	56.295	0.3616	58.374	0.34249	10.61	30.417	0.50828	29.19	0.42822
10.665	56.311	0.36187	58.392	0.34275	10.665	30.428	0.50838	29.201	0.4283
10.721	56.3	0.36269	58.38	0.34357	10.721	30.407	0.50829	29.18	0.42819
10.776	56.302	0.36188	58.384	0.34274	10.776	30.377	0.50938	29.159	0.42909
10.831	56.295	0.36239	58.38	0.34323	10.831	30.376	0.5097	29.159	0.42917
10.886	56.2	0.36302	58.286	0.3438	10.886	30.355	0.51011	29.143	0.42954
10.942	56.221	0.36346	58.309	0.34422	10.942	30.337	0.50995	29.129	0.42924
10.997	56.204	0.36305	58.293	0.34379	10.997	30.392	0.50987	29.176	0.42936
11.052	56.18	0.36248	58.27	0.34319	11.052	30.417	0.51107	29.199	0.43056
11.107	56.128	0.36313	58.22	0.34379	11.107	30.385	0.51158	29.173	0.43094
11.163	56.14	0.36366	58.232	0.34432	11.163	30.388	0.51164	29.175	0.43094
11.218	56.085	0.36379	58.18	0.34442	11.218	30.365	0.51208	29.159	0.43132
11.273	56.059	0.36306	58.156	0.34367	11.273	30.361	0.51247	29.159	0.43175
11.328	56.026	0.36326	58.124	0.34384	11.328	30.333	0.51263	29.136	0.4318
11.384	55.98	0.364	58.078	0.34453	11.384	30.308	0.51345	29.113	0.43247
11.439	55.998	0.36411	58.1	0.34462	11.439	30.269	0.51382	29.081	0.43257
11.494	55.943	0.36427	58.046	0.34473	11.494	30.275	0.51419	29.087	0.43285
11.55	55.9	0.36459	58.005	0.34503	11.55	30.256	0.51425	29.073	0.43283
11.605	55.941	0.3646	58.051	0.34503	11.605	30.226	0.51374	29.049	0.43222
11.66	55.863	0.36374	57.975	0.34413	11.66	30.245	0.51464	29.07	0.43308
11.715	55.854	0.36393	57.969	0.34432	11.715	30.226	0.51429	29.057	0.43262
11.771	55.851	0.3643	57.969	0.34465	11.771	30.211	0.51441	29.046	0.43264
11.826	55.897	0.36495	58.018	0.3453	11.826	30.189	0.51452	29.031	0.4326
11.881	55.854	0.36564	57.975	0.34596	11.881	30.164	0.51493	29.009	0.43286
11.936	55.845	0.36535	57.968	0.34565	11.936	30.187	0.51449	29.031	0.43253
11.992	55.825	0.36526	57.951	0.34553	11.992	30.171	0.51521	29.018	0.43307
12.047	55.791	0.36594	57.919	0.34618	12.047	30.16	0.51427	29.013	0.43209
12.102	55.793	0.36607	57.923	0.34629	12.102	30.156	0.51436	29.015	0.43207
12.157	55.757	0.36629	57.889	0.34649	12.157	30.136	0.51553	28.99	0.43295
12.213	55.775	0.36869	57.915	0.34881	12.213	29.976	0.51761	28.86	0.434
12.268	55.619	0.36892	57.762	0.34893	12.268	29.903	0.51849	28.812	0.43456
12.323	55.574	0.36855	57.716	0.34855	12.323	29.897	0.51907	28.808	0.43509
12.378	55.509	0.36809	57.651	0.34808	12.378	29.932	0.5201	28.83	0.43616
12.434	55.554	0.36904	57.702	0.34901	12.434	29.891	0.51884	28.802	0.43455
12.489	55.535	0.36807	57.685	0.34804	12.489	29.88	0.52074	28.796	0.43624
12.544	55.438	0.36752	57.587	0.34744	12.544	29.892	0.52249	28.804	0.43791
12.599	55.395	0.36804	57.545	0.34792	12.599	29.88	0.52212	28.794	0.43749
12.655	55.52	0.36837	57.675	0.34831	12.655	29.874	0.52106	28.787	0.43629
12.71	55.42	0.36884	57.575	0.34871	12.71	29.802	0.52262	28.732	0.43744
12.765	55.363	0.36849	57.52	0.34832	12.765	29.805	0.52305	28.736	0.43795
12.821	55.386	0.3687	57.545	0.34854	12.821	29.806	0.52252	28.738	0.43737
12.876	55.381	0.36896	57.543	0.34877	12.876	29.791	0.52324	28.726	0.43787
12.931	55.319	0.3691	57.482	0.34885	12.931	29.76	0.52377	28.704	0.43832
12.986	55.319	0.36909	57.485	0.34884	12.986	29.758	0.5247	28.703	0.43903
13.042	55.268	0.36988	57.435	0.34959	13.042	29.73	0.52506	28.68	0.43916
13.097	55.292	0.37015	57.46	0.34983	13.097	29.718	0.52432	28.672	0.43846
13.152	55.32	0.36986	57.494	0.34953	13.152	29.735	0.52392	28.691	0.43803
13.207	55.267	0.37049	57.441	0.35014	13.207	29.719	0.52446	28.674	0.43843
13.263	55.256	0.37037	57.433	0.35001	13.263	29.72	0.52435	28.675	0.43832
13.318	55.256	0.36935	57.436	0.34899	13.318	29.74	0.52436	28.697	0.43843
13.373	55.234	0.37073	57.413	0.35033	13.373	29.729	0.52358	28.688	0.43759
13.428	55.246	0.37102	57.43	0.35059	13.428	29.729	0.52376	28.69	0.43762
13.484	55.178	0.37043	57.363	0.34999	13.484	29.769	0.52435	28.723	0.43834
13.539	55.151	0.37076	57.338	0.35028	13.539	29.741	0.5252	28.705	0.43895
13.594	55.156	0.37163	57.345	0.35114	13.594	29.729	0.52446	28.7	0.43809
13.649	55.119	0.37163	57.309	0.35112	13.649	29.728	0.5246	28.697	0.43822
13.705	55.08	0.37079	57.272	0.35026	13.705	29.758	0.52501	28.722	0.4388
13.76	55.122	0.37062	57.316	0.35011	13.76	29.787	0.52489	28.75	0.43875
13.815	55.037	0.36988	57.235	0.3493	13.815	29.806	0.52579	28.768	0.43966
13.87	55.037	0.3707	57.234	0.35011	13.87	29.795	0.52546	28.76	0.43927
13.926	54.987	0.37117	57.187	0.35053	13.926	29.783	0.52567	28.749	0.4394
13.981	54.987	0.3709	57.189	0.35025	13.981	29.795	0.52613	28.763	0.43983
14.036	54.93	0.37101	57.134	0.35033	14.036	29.791	0.52662	28.76	0.44017
14.092	54.911	0.37092	57.116	0.35022	14.092	29.755	0.52773	28.732	0.44102
14.147	54.918	0.37107	57.125	0.35036	14.147	29.745	0.52776	28.723	0.44102
14.202	54.911	0.37102	57.123	0.35028	14.202	29.763	0.52667	28.742	0.44001
14.257	54.919	0.37109	57.134	0.35035	14.257	29.733	0.52784	28.721	0.44084
14.313	54.889	0.37152	57.105	0.35075	14.313	29.716	0.5282	28.704	0.44107
14.368	54.882	0.37194	57.101	0.35113	14.368	29.714	0.52862	28.705	0.44134
14.423	54.883	0.37258	57.103	0.35175	14.423	29.694	0.52888	28.691	0.44135
14.478	54.837	0.37212	57.058	0.35126	14.478	29.681	0.52975	28.679	0.44221
14.534	54.826	0.37194	57.05	0.35105	14.534	29.66	0.53081	28.665	0.4431
14.589	54.838	0.37186	57.067	0.35095	14.589	29.625	0.53114	28.641	0.44319
14.644	54.769	0.37186	56.998	0.35092	14.644	29.581	0.53216	28.601	0.44405
14.699	54.784	0.37167	57.017	0.35071	14.699	29.58	0.53285	28.604	0.44451
14.755	54.784	0.37242	57.02	0.35144	14.755	29.521	0.53385	28.554	0.44503
14.81	54.77	0.37384	57.007	0.35286	14.81	29.444	0.53405	28.487	0.44473
14.865	54.744	0.37334	56.984	0.35233	14.865	29.422	0.53493	28.474	0.44546
14.92	54.757	0.37464	57.002	0.35356	14.92	29.307	0.53766	28.38	0.44721
14.976	54.636	0.37618	56.881	0.35498	14.976	29.184	0.54082	28.27	0.44969
15.031	54.585	0.37539	56.834	0.35414	15.031	29.082	0.54439	28.182	0.4526
15.086	54.591	0.37631	56.841	0.35504	15.086	29.074	0.54356	28.178	0.45175
15.141	54.608	0.3774	56.861	0.35611	15.141	29.057	0.54314	28.168	0.45102
15.197	54.597	0.37859	56.851	0.35728	15.197	29.037	0.54312	28.149	0.45082
15.252	54.592	0.37764	56.848	0.35632	15.252	29.057	0.54397	28.169	0.45166
15.307	54.594	0.37789	56.85	0.35658	15.307	29.042	0.54432	28.155	0.45187
15.363	54.579	0.37809	56.837	0.35676	15.363	29.064	0.54452	28.171	0.45206
15.418	54.567	0.37796	56.828	0.35662	15.418	29.075	0.54463	28.185	0.45208
15.473	54.561	0.37871	56.822	0.35733	15.473	29.047	0.5452	28.162	0.45243
15.528	54.448	0.37885	56.711	0.35739	15.528	28.865	0.54893	28.001	0.45533
15.584	54.432	0.37762	56.699	0.35612	15.584	28.848	0.55012	28	0.45646
15.639	54.399	0.37789	56.666	0.35636	15.639	28.815	0.55046	27.978	0.45657
15.694	54.391	0.37869	56.662	0.35715	15.694	28.826	0.54939	27.989	0.45555
15.749	54.389	0.37859	56.663	0.35705	15.749	28.854	0.54971	28.01	0.45579
15.805	54.35	0.37784	56.626	0.35627	15.805	28.829	0.55078	27.993	0.45676
15.86	54.34	0.37852	56.618	0.35696	15.86	28.793	0.55053	27.961	0.45628
15.915	54.347	0.37776	56.629	0.35619	15.915	28.817	0.55126	27.984	0.45694
15.97	54.319	0.37774	56.602	0.35614	15.97	28.802	0.55244	27.972	0.45785
16.026	54.288	0.37801	56.573	0.35639	16.026	28.808	0.55274	27.975	0.45806
16.081	54.272	0.37779	56.559	0.35615	16.081	28.784	0.55392	27.957	0.45897
16.136	54.267	0.37777	56.557	0.35611	16.136	28.794	0.55507	27.965	0.45997
16.191	54.23	0.37861	56.522	0.35692	16.191	28.782	0.55453	27.958	0.45928
16.247	54.21	0.3784	56.503	0.3567	16.247	28.764	0.55525	27.942	0.45987
16.302	54.193	0.37859	56.488	0.35687	16.302	28.748	0.55638	27.925	0.46078
16.357	54.142	0.37768	56.439	0.35597	16.357	28.742	0.55787	27.923	0.46203
16.412	54.135	0.37752	56.433	0.35579	16.412	28.774	0.55905	27.949	0.46304
16.468	54.136	0.37859	56.437	0.35682	16.468	28.728	0.55846	27.913	0.46234
16.523	54.106	0.37824	56.409	0.35646	16.523	28.764	0.55835	27.943	0.46242
16.578	54.094	0.37873	56.398	0.35694	16.578	28.777	0.5582	27.954	0.4622
16.634	54.092	0.37884	56.395	0.35705	16.634	28.767	0.55778	27.945	0.46183
16.689	54.171	0.37914	56.476	0.35735	16.689	28.787	0.55798	27.962	0.46198
16.744	54.151	0.37834	56.457	0.35657	16.744	28.787	0.55843	27.962	0.4624
16.799	54.133	0.37866	56.439	0.35687	16.799	28.773	0.55851	27.95	0.46244
16.855	54.18	0.37922	56.487	0.35743	16.855	28.763	0.55815	27.94	0.46201
16.91	54.153	0.37912	56.458	0.35733	16.91	28.763	0.55883	27.935	0.4627
16.965	54.199	0.37909	56.508	0.35731	16.965	28.768	0.55828	27.942	0.46215
17.02	54.17	0.37932	56.478	0.35753	17.02	28.756	0.55899	27.931	0.46269
17.076	54.179	0.37914	56.488	0.35735	17.076	28.761	0.55964	27.935	0.4633
17.131	54.202	0.37992	56.51	0.35812	17.131	28.74	0.55988	27.92	0.46339
17.186	54.177	0.37967	56.485	0.35788	17.186	28.746	0.55974	27.922	0.46333
17.241	54.228	0.37987	56.539	0.35809	17.241	28.738	0.55963	27.92	0.46303
17.297	54.207	0.37996	56.519	0.35816	17.297	28.743	0.55932	27.923	0.4629
17.352	54.202	0.38045	56.512	0.35866	17.352	28.745	0.55988	27.922	0.46332
17.407	54.195	0.3799	56.506	0.35811	17.407	28.782	0.55955	27.955	0.46312
17.462	54.215	0.37962	56.526	0.35783	17.462	28.806	0.56016	27.973	0.4638
17.518	54.208	0.37971	56.519	0.35792	17.518	28.79	0.55983	27.961	0.46343
17.573	54.194	0.3799	56.504	0.35811	17.573	28.772	0.56051	27.944	0.46402
17.628	54.225	0.3795	56.537	0.35771	17.628	28.791	0.56064	27.964	0.46411
17.683	54.223	0.37945	56.537	0.35763	17.683	28.79	0.56102	27.965	0.46451
17.739	54.187	0.37952	56.499	0.35771	17.739	28.787	0.56113	27.958	0.46471
17.794	54.206	0.37909	56.517	0.35729	17.794	28.798	0.56191	27.965	0.46535
17.849	54.21	0.37994	56.521	0.35813	17.849	28.78	0.56181	27.953	0.46509
17.905	54.196	0.37895	56.508	0.35714	17.905	28.798	0.5621	27.966	0.46561
17.96	54.216	0.37913	56.528	0.35734	17.96	28.796	0.56148	27.964	0.46498
18.015	54.238	0.37939	56.552	0.35759	18.015	28.792	0.56169	27.965	0.46497
18.07	54.182	0.37919	56.493	0.35738	18.07	28.785	0.56217	27.954	0.46561
18.126	54.203	0.37914	56.516	0.35734	18.126	28.793	0.56226	27.963	0.46561
18.181	54.217	0.37918	56.53	0.35738	18.181	28.804	0.56209	27.975	0.46543
18.236	54.209	0.37889	56.522	0.35708	18.236	28.814	0.56281	27.981	0.46621
18.291	54.221	0.37931	56.534	0.35752	18.291	28.806	0.56158	27.977	0.46495
18.347	54.208	0.3791	56.521	0.3573	18.347	28.81	0.56226	27.977	0.46568
18.402	54.233	0.3787	56.548	0.35692	18.402	28.82	0.56252	27.989	0.46586
18.457	54.197	0.37882	56.51	0.35703	18.457	28.837	0.56285	28	0.46626
18.512	54.219	0.37811	56.536	0.3563	18.512	28.845	0.56359	28.013	0.46684
18.568	54.22	0.37814	56.538	0.35631	18.568	28.873	0.56361	28.037	0.467
18.623	54.186	0.37809	56.502	0.35622	18.623	28.883	0.56394	28.044	0.46748
18.678	54.201	0.37833	56.517	0.35648	18.678	28.87	0.56417	28.031	0.46758
18.733	54.2	0.37866	56.514	0.35684	18.733	28.883	0.56375	28.043	0.4671
18.789	54.201	0.37819	56.514	0.35639	18.789	28.878	0.56433	28.038	0.46766
18.844	54.183	0.37785	56.496	0.35606	18.844	28.883	0.56377	28.042	0.46728
18.899	54.165	0.37772	56.476	0.35593	18.899	28.862	0.56433	28.022	0.46769
18.954	54.146	0.37787	56.456	0.35606	18.954	28.853	0.56512	28.011	0.46844
19.01	54.158	0.37746	56.466	0.35566	19.01	28.871	0.56531	28.028	0.4687
19.065	54.208	0.37734	56.519	0.35554	19.065	28.879	0.56499	28.036	0.46845
19.12	54.134	0.37715	56.443	0.35528	19.12	28.86	0.56689	28.017	0.47031
19.176	54.145	0.37738	56.454	0.35543	19.176	28.899	0.56866	28.052	0.47205
19.231	54.08	0.3764	56.386	0.35428	19.231	29.003	0.57227	28.14	0.47619
19.286	54.038	0.37761	56.34	0.35524	19.286	29.08	0.58014	28.191	0.48382
19.341	53.913	0.37845	56.208	0.35562	19.341	29.24	0.59424	28.314	0.49843
19.397	54.025	0.38721	56.295	0.36381	19.397	29.003	0.59174	28.112	0.4971
19.452	54.084	0.39517	56.324	0.37134	19.452	28.4	0.55298	27.653	0.46083
19.507	55.224	0.4059	57.451	0.38246	19.507	27.781	0.51673	27.199	0.42868
19.562	54.714	0.40916	56.901	0.38514	19.562	27.626	0.50758	27.06	0.4217
19.618	54.581	0.40213	56.78	0.37865	19.618	26.694	0.45175	26.269	0.37063
19.673	53.711	0.40647	55.837	0.38232	19.673	24.796	0.41327	24.56	0.33977
19.728	52.457	0.40877	54.511	0.38474	19.728	8.1626	1.2096	6.6296	1.1066
19.783	52.747	0.4067	54.805	0.38289	19.783	8.1626	1.2096	6.6296	1.1066
19.839	52.614	0.40306	54.679	0.37937	19.839	8.1626	1.2096	6.6296	1.1066
19.894	52.542	0.40156	54.609	0.37791	19.894	3.6189	0.64822	3.4185	0.51923
19.949	52.456	0.39911	54.526	0.37557	19.949	4.7271	0.91438	4.1546	0.77506
20.004	52.488	0.39872	54.557	0.37521	20.004	4.7271	0.91438	4.1546	0.77506
20.06	52.434	0.39752	54.505	0.37405	20.06	4.7271	0.91438	4.1546	0.77506
20.115	52.269	0.39868	54.342	0.37507	20.115	4.7271	0.91438	4.1546	0.77506
20.17	52.235	0.39731	54.312	0.37375	20.17	4.7271	0.91438	4.1546	0.77506
20.225	52.274	0.39824	54.348	0.37466	20.225	4.7271	0.91438	4.1546	0.77506
20.281	52.241	0.39861	54.316	0.37499	20.281	4.7271	0.91438	4.1546	0.77506
20.336	52.368	0.39754	54.442	0.37404	20.336	4.7271	0.91438	4.1546	0.77506
20.391	52.339	0.39636	54.414	0.37291	20.391	4.7271	0.91438	4.1546	0.77506
20.447	52.334	0.39619	54.411	0.37274	20.447	4.7271	0.91438	4.1546	0.77506
20.502	52.516	0.39743	54.587	0.37399	20.502	4.7271	0.91438	4.1546	0.77506
20.557	52.332	0.39705	54.408	0.37357	20.557	4.7271	0.91438	4.1546	0.77506
20.612	52.405	0.39717	54.479	0.3737	20.612	4.7271	0.91438	4.1546	0.77506
20.668	52.39	0.39796	54.463	0.37443	20.668	4.7271	0.91438	4.1546	0.77506
20.723	52.371	0.39622	54.445	0.3728	20.723	4.7271	0.91438	4.1546	0.77506
20.778	52.437	0.39617	54.51	0.37277	20.778	4.7271	0.91438	4.1546	0.77506
20.833	52.395	0.39683	54.468	0.37339	20.833	4.7271	0.91438	4.1546	0.77506
20.889	52.416	0.3946	54.492	0.37127	20.889	4.7271	0.91438	4.1546	0.77506
20.944	52.496	0.39532	54.569	0.37199	20.944	4.7271	0.91438	4.1546	0.77506
20.999	52.398	0.39687	54.472	0.37341	20.999	4.7271	0.91438	4.1546	0.77506
21.054	52.39	0.39581	54.465	0.37241	21.054	4.7271	0.91438	4.1546	0.77506
21.11	52.411	0.39587	54.485	0.37249	21.11	4.7271	0.91438	4.1546	0.77506
21.165	52.484	0.39557	54.557	0.37223	21.165	4.7271	0.91438	4.1546	0.77506
21.22	52.504	0.39581	54.577	0.37247	21.22	4.7271	0.91438	4.1546	0.77506
21.275	52.452	0.39592	54.526	0.37255	21.275	4.7271	0.91438	4.1546	0.77506
21.331	52.419	0.39751	54.491	0.37405	21.331	4.7271	0.91438	4.1546	0.77506
21.386	52.459	0.39714	54.531	0.37372	21.386	4.7271	0.91438	4.1546	0.77506
21.441	52.205	0.3974	54.281	0.37385	21.441	4.7271	0.91438	4.1546	0.77506
21.496	52.41	0.39612	54.484	0.37273	21.496	4.7271	0.91438	4.1546	0.77506
21.552	52.481	0.39701	54.553	0.3736	21.552	4.7271	0.91438	4.1546	0.77506
21.607	52.45	0.39867	54.519	0.37517	21.607	4.7271	0.91438	4.1546	0.77506
21.662	52.378	0.39722	54.451	0.37375	21.662	4.7271	0.91438	4.1546	0.77506
21.718	52.489	0.39732	54.561	0.37389	21.718	4.7271	0.91438	4.1546	0.77506
21.773	52.556	0.39594	54.628	0.37263	21.773	4.7271	0.91438	4.1546	0.77506
21.828	52.47	0.39541	54.543	0.37209	21.828	4.7271	0.91438	4.1546	0.77506
21.883	52.549	0.39557	54.622	0.37226	21.883	4.7271	0.91438	4.1546	0.77506
21.939	52.605	0.3963	54.676	0.37298	21.939	4.7271	0.91438	4.1546	0.77506
