Time	Fascicle Length R1_F1	Pennation Angle R1_F1	Fascicle Length R1_F2	Pennation Angle R1_F2	
0.055261	67.703	0.12397	65.511	0.10208
0.11052	67.637	0.12392	65.44	0.10201
0.16578	67.704	0.1266	65.496	0.10464
0.22104	67.739	0.12749	65.522	0.10562
0.2763	67.74	0.1286	65.518	0.10677
0.33156	67.785	0.12824	65.563	0.10645
0.38683	67.784	0.12886	65.557	0.10708
0.44209	67.738	0.12983	65.51	0.10801
0.49735	67.72	0.13012	65.488	0.1083
0.55261	67.744	0.12937	65.507	0.10757
0.60787	67.774	0.12894	65.532	0.10717
0.66313	67.808	0.12887	65.564	0.1071
0.71839	67.704	0.12872	65.459	0.10689
0.77365	67.72	0.12828	65.473	0.10647
0.82891	67.686	0.12688	65.439	0.10504
0.88417	67.673	0.12707	65.422	0.10521
0.93943	67.702	0.12651	65.452	0.10466
0.99469	67.686	0.12688	65.434	0.10504
1.05	67.691	0.12615	65.434	0.10437
1.1052	67.734	0.12582	65.473	0.10405
1.1605	67.696	0.12585	65.433	0.10409
1.2157	67.697	0.12558	65.432	0.10385
1.271	67.692	0.12498	65.425	0.10326
1.3263	67.715	0.12491	65.447	0.10318
1.3815	67.7	0.125	65.429	0.10328
1.4368	67.707	0.12416	65.436	0.10244
1.492	67.65	0.12275	65.38	0.10104
1.5473	67.67	0.12259	65.4	0.10089
1.6026	67.661	0.12214	65.391	0.1004
1.6578	67.654	0.12206	65.383	0.10031
1.7131	67.673	0.12154	65.4	0.099804
1.7683	67.623	0.12066	65.353	0.098905
1.8236	67.6	0.11973	65.328	0.09796
1.8789	67.557	0.11902	65.283	0.097227
1.9341	67.542	0.11891	65.263	0.09716
1.9894	67.511	0.11865	65.228	0.096941
2.0447	67.497	0.11842	65.212	0.096734
2.0999	67.527	0.11837	65.239	0.096712
2.1552	67.551	0.11807	65.261	0.096449
2.2104	67.534	0.11748	65.243	0.095842
2.2657	67.572	0.11807	65.277	0.096434
2.321	67.524	0.11815	65.227	0.096538
2.3762	67.499	0.11728	65.2	0.095694
2.4315	67.537	0.11692	65.234	0.095367
2.4867	67.588	0.11699	65.282	0.095458
2.542	67.547	0.11677	65.239	0.095228
2.5973	67.524	0.11631	65.217	0.094795
2.6525	67.51	0.11622	65.199	0.094701
2.7078	67.502	0.11616	65.19	0.094657
2.763	67.465	0.11608	65.153	0.094576
2.8183	67.382	0.1152	65.074	0.093683
2.8736	67.379	0.11459	65.07	0.093076
2.9288	67.433	0.11576	65.118	0.094244
2.9841	67.496	0.11601	65.176	0.094495
3.0393	67.477	0.11668	65.156	0.095158
3.0946	67.517	0.11631	65.196	0.094809
3.1499	67.491	0.11686	65.17	0.095348
3.2051	67.445	0.11708	65.124	0.095559
3.2604	67.481	0.11663	65.158	0.09512
3.3156	67.586	0.11715	65.253	0.095638
3.3709	67.545	0.11745	65.21	0.09594
3.4262	67.511	0.1179	65.175	0.096387
3.4814	67.574	0.11733	65.234	0.095848
3.5367	67.634	0.11795	65.29	0.096474
3.592	67.569	0.11822	65.223	0.096745
3.6472	67.577	0.11878	65.227	0.097296
3.7025	67.551	0.11929	65.201	0.097803
3.7577	67.576	0.1191	65.224	0.097641
3.813	67.574	0.11923	65.22	0.097776
3.8683	67.547	0.11863	65.189	0.097202
3.9235	67.569	0.11845	65.208	0.097036
3.9788	67.588	0.11795	65.224	0.096568
4.034	67.611	0.11678	65.245	0.095443
4.0893	67.58	0.11617	65.214	0.09483
4.1446	67.551	0.11601	65.183	0.094684
4.1998	67.574	0.11613	65.204	0.094799
4.2551	67.542	0.1168	65.167	0.095435
4.3103	67.523	0.11709	65.146	0.095728
4.3656	67.475	0.11756	65.094	0.096199
4.4209	67.475	0.11685	65.093	0.095495
4.4761	67.477	0.11627	65.092	0.094903
4.5314	67.471	0.11637	65.085	0.094993
4.5866	67.432	0.11635	65.047	0.094977
4.6419	67.402	0.1155	65.017	0.094184
4.6972	67.421	0.11634	65.032	0.095002
4.7524	67.445	0.11583	65.055	0.094535
4.8077	67.499	0.11562	65.108	0.094325
4.863	67.503	0.11541	65.109	0.094113
4.9182	67.513	0.11567	65.118	0.094366
4.9735	67.521	0.11565	65.124	0.094362
5.0287	67.487	0.11611	65.089	0.094807
5.084	67.449	0.11628	65.048	0.094982
5.1393	67.43	0.11573	65.031	0.094423
5.1945	67.444	0.11615	65.041	0.094834
5.2498	67.446	0.11579	65.039	0.094513
5.305	67.448	0.1156	65.037	0.094337
5.3603	67.414	0.1159	65.002	0.094646
5.4156	67.414	0.11595	64.999	0.094722
5.4708	67.369	0.11529	64.955	0.09409
5.5261	67.38	0.11513	64.963	0.093957
5.5813	67.426	0.11529	65.006	0.094149
5.6366	67.434	0.11516	65.012	0.094036
5.6919	67.429	0.1149	65.006	0.093776
5.7471	67.468	0.1157	65.042	0.094592
5.8024	67.431	0.11496	65.004	0.093884
5.8576	67.37	0.11479	64.942	0.093698
5.9129	67.395	0.1147	64.965	0.093634
5.9682	67.36	0.11443	64.931	0.093383
6.0234	67.342	0.11476	64.911	0.093687
6.0787	67.315	0.1144	64.884	0.093326
6.134	67.278	0.11453	64.846	0.093437
6.1892	67.27	0.11416	64.838	0.0931
6.2445	67.301	0.11418	64.864	0.093149
6.2997	67.255	0.11464	64.821	0.093577
6.355	67.274	0.11394	64.834	0.092933
6.4103	67.274	0.11423	64.831	0.093223
6.4655	67.25	0.11408	64.81	0.093041
6.5208	67.249	0.11421	64.806	0.093162
6.576	67.224	0.11412	64.78	0.093075
6.6313	67.239	0.11412	64.794	0.093099
6.6866	67.216	0.1138	64.771	0.092775
6.7418	67.182	0.11359	64.735	0.09255
6.7971	67.199	0.11373	64.749	0.092698
6.8523	67.194	0.11384	64.743	0.092799
6.9076	67.157	0.11426	64.705	0.093232
6.9629	67.121	0.11417	64.668	0.09314
7.0181	67.112	0.11395	64.658	0.092917
7.0734	67.077	0.11376	64.621	0.092691
7.1286	67.056	0.11418	64.599	0.093081
7.1839	67.038	0.11427	64.58	0.093172
7.2392	66.993	0.11426	64.537	0.093163
7.2944	66.952	0.11481	64.496	0.093699
7.3497	66.987	0.11437	64.53	0.093282
7.405	66.966	0.11467	64.509	0.093545
7.4602	66.945	0.11495	64.488	0.093832
7.5155	66.974	0.11473	64.514	0.093643
7.5707	66.932	0.1144	64.471	0.093316
7.626	66.96	0.11444	64.496	0.093372
7.6813	66.968	0.11425	64.503	0.093205
7.7365	66.954	0.11448	64.489	0.093386
7.7918	66.918	0.11489	64.452	0.093775
7.847	66.893	0.11482	64.426	0.093705
7.9023	66.867	0.11507	64.399	0.093915
7.9576	66.886	0.11519	64.417	0.094056
8.0128	66.859	0.11489	64.389	0.093733
8.0681	66.872	0.11562	64.399	0.094453
8.1233	66.844	0.11597	64.37	0.094788
8.1786	66.812	0.11573	64.337	0.09454
8.2339	66.878	0.11566	64.398	0.0945
8.2891	66.863	0.11563	64.383	0.094459
8.3444	66.848	0.11614	64.365	0.09494
8.3996	66.853	0.11704	64.366	0.095791
8.4549	66.83	0.11701	64.343	0.095733
8.5102	66.834	0.11767	64.344	0.096371
8.5654	66.881	0.11764	64.388	0.096358
8.6207	66.859	0.11783	64.363	0.096524
8.676	66.874	0.11835	64.376	0.09706
8.7312	66.871	0.11782	64.375	0.096545
8.7865	66.903	0.1179	64.405	0.096628
8.8417	66.909	0.11841	64.412	0.09713
8.897	66.904	0.11816	64.406	0.096888
8.9523	66.913	0.11827	64.415	0.097015
9.0075	66.987	0.11823	64.487	0.096997
9.0628	67.05	0.11921	64.548	0.097997
9.118	67.073	0.11932	64.57	0.098115
9.1733	67.061	0.11969	64.559	0.098474
9.2286	67.074	0.11999	64.571	0.098787
9.2838	67.071	0.11953	64.569	0.098342
9.3391	67.058	0.11916	64.558	0.09796
9.3943	67.116	0.11947	64.613	0.098282
9.4496	67.078	0.11955	64.576	0.098358
9.5049	67.078	0.11942	64.576	0.098254
9.5601	67.064	0.11895	64.563	0.097808
9.6154	67.081	0.11915	64.58	0.098001
9.6706	67.113	0.11883	64.613	0.097702
9.7259	67.139	0.11818	64.64	0.097065
9.7812	67.174	0.11823	64.676	0.097116
9.8364	67.168	0.11865	64.67	0.097553
9.8917	67.161	0.11822	64.666	0.097116
9.9469	67.208	0.11769	64.716	0.096575
10.002	67.174	0.1175	64.686	0.096349
10.057	67.211	0.11789	64.723	0.096714
10.113	67.227	0.11766	64.741	0.096483
10.168	67.272	0.11737	64.785	0.096191
10.223	67.261	0.11702	64.777	0.095825
10.279	67.308	0.11682	64.825	0.095617
10.334	67.273	0.11689	64.792	0.095659
10.389	67.274	0.11712	64.794	0.095904
10.444	67.273	0.11711	64.794	0.095908
10.5	67.298	0.11711	64.819	0.095903
10.555	67.364	0.1178	64.885	0.096589
10.61	67.404	0.11769	64.929	0.096512
10.665	67.496	0.11749	65.021	0.096319
10.721	67.548	0.11836	65.073	0.09718
10.776	67.61	0.11894	65.135	0.097808
10.831	67.664	0.11819	65.191	0.097092
10.886	67.697	0.11835	65.224	0.097287
10.942	67.689	0.11848	65.216	0.097428
10.997	67.692	0.11773	65.221	0.096689
11.052	67.741	0.11726	65.27	0.096241
11.107	67.756	0.1179	65.284	0.096901
11.163	67.751	0.11706	65.281	0.096071
11.218	67.784	0.1166	65.315	0.095633
11.273	67.827	0.11713	65.356	0.096197
11.328	67.796	0.11664	65.326	0.095738
11.384	67.796	0.11726	65.324	0.096351
11.439	67.77	0.11713	65.301	0.096258
11.494	67.773	0.11657	65.307	0.09573
11.55	67.747	0.11646	65.284	0.095625
11.605	67.793	0.11634	65.329	0.095514
11.66	67.906	0.1168	65.438	0.095964
11.715	67.883	0.11768	65.417	0.096826
11.771	67.89	0.11726	65.424	0.096417
11.826	67.931	0.11764	65.463	0.096799
11.881	67.965	0.11838	65.496	0.097559
11.936	67.948	0.11778	65.482	0.096968
11.992	67.955	0.11765	65.492	0.09685
12.047	67.962	0.11763	65.501	0.096831
12.102	67.975	0.11769	65.514	0.096913
12.157	67.972	0.11825	65.511	0.097471
12.213	68.039	0.1179	65.579	0.097159
12.268	68.076	0.11847	65.618	0.097689
12.323	68.124	0.11935	65.667	0.098527
12.378	68.104	0.11903	65.65	0.09821
12.434	68.103	0.11817	65.652	0.097321
12.489	68.135	0.11818	65.684	0.097294
12.544	68.11	0.11845	65.662	0.097514
12.599	68.138	0.11817	65.694	0.097234
12.655	68.163	0.1179	65.722	0.096936
12.71	68.211	0.11809	65.77	0.097144
12.765	68.253	0.11741	65.814	0.096493
12.821	68.287	0.11705	65.849	0.096159
12.876	68.272	0.11674	65.837	0.095903
12.931	68.273	0.11702	65.838	0.096178
12.986	68.27	0.11718	65.838	0.096314
13.042	68.257	0.11731	65.829	0.096457
13.097	68.298	0.11731	65.872	0.096486
13.152	68.28	0.11717	65.859	0.096327
13.207	68.315	0.11686	65.898	0.096058
13.263	68.283	0.11719	65.867	0.096363
13.318	68.355	0.11763	65.939	0.096802
13.373	68.381	0.11854	65.964	0.097707
13.428	68.331	0.11775	65.919	0.096933
13.484	68.284	0.11803	65.875	0.097205
13.539	68.31	0.1185	65.901	0.09766
13.594	68.345	0.11842	65.936	0.097586
13.649	68.426	0.11936	66.013	0.09851
13.705	68.423	0.11946	66.012	0.098633
13.76	68.408	0.11908	65.999	0.098228
13.815	68.412	0.12002	66.005	0.099128
13.87	68.358	0.1199	65.955	0.098985
13.926	68.367	0.11986	65.966	0.098924
13.981	68.392	0.12067	65.992	0.099716
14.036	68.384	0.12158	65.987	0.10058
14.092	68.386	0.12153	65.991	0.10051
14.147	68.41	0.12292	66.016	0.10188
14.202	68.376	0.12224	65.987	0.10118
14.257	68.397	0.12291	66.009	0.10182
14.313	68.404	0.12266	66.018	0.10158
14.368	68.389	0.12294	66.007	0.10185
14.423	68.445	0.12228	66.064	0.10123
14.478	68.44	0.12128	66.064	0.10025
14.534	68.487	0.12215	66.11	0.10112
14.589	68.543	0.12186	66.169	0.10086
14.644	68.565	0.12209	66.194	0.10109
14.699	68.592	0.12154	66.223	0.10053
14.755	68.612	0.12161	66.245	0.10061
14.81	68.655	0.12144	66.291	0.10047
14.865	68.692	0.12138	66.332	0.10041
14.92	68.692	0.12088	66.336	0.09992
14.976	68.756	0.12166	66.397	0.1007
15.031	68.751	0.12117	66.396	0.10021
15.086	68.774	0.12111	66.421	0.10015
15.141	68.867	0.12096	66.514	0.10001
15.197	68.894	0.12111	66.542	0.10017
15.252	68.892	0.12134	66.541	0.10038
15.307	68.89	0.1222	66.541	0.1012
15.363	68.926	0.12251	66.578	0.1015
15.418	69.008	0.12176	66.661	0.1008
15.473	68.997	0.12211	66.651	0.10112
15.528	68.95	0.1222	66.608	0.1012
15.584	68.954	0.12213	66.614	0.1011
15.639	68.96	0.1228	66.62	0.10174
15.694	68.958	0.12258	66.619	0.10154
15.749	69.016	0.12206	66.679	0.101
15.805	69.019	0.12262	66.683	0.10154
15.86	69.051	0.12337	66.717	0.10229
15.915	69.04	0.12168	66.712	0.10064
15.97	69.06	0.12251	66.731	0.10143
16.026	69.117	0.12163	66.791	0.10056
16.081	69.128	0.12152	66.803	0.10042
16.136	69.115	0.12264	66.788	0.10151
16.191	69.118	0.12292	66.791	0.10185
16.247	69.219	0.12255	66.892	0.10146
16.302	69.19	0.122	66.868	0.10087
16.357	69.223	0.1219	66.905	0.10074
16.412	69.298	0.12253	66.98	0.10138
16.468	69.283	0.12226	66.97	0.10109
16.523	69.266	0.1218	66.963	0.10065
16.578	69.25	0.12117	66.95	0.1
16.634	69.26	0.12096	66.961	0.099777
16.689	69.246	0.12205	66.949	0.10084
16.744	69.187	0.12217	66.892	0.10094
16.799	69.24	0.12286	66.944	0.10165
16.855	69.287	0.12241	66.994	0.10122
16.91	69.301	0.12175	67.011	0.10057
16.965	69.317	0.12216	67.028	0.10099
17.02	69.245	0.1214	66.963	0.1002
17.076	69.343	0.12201	67.057	0.10082
17.131	69.351	0.12225	67.07	0.10109
17.186	69.302	0.12247	67.022	0.10127
17.241	69.246	0.12288	66.968	0.10165
17.297	69.259	0.12228	66.985	0.10109
17.352	69.306	0.12228	67.033	0.10107
17.407	69.379	0.12274	67.105	0.10156
17.462	69.343	0.12208	67.071	0.10093
17.518	69.422	0.12264	67.151	0.10149
17.573	69.446	0.12257	67.183	0.10141
17.628	69.421	0.12238	67.164	0.10117
17.683	69.464	0.12299	67.209	0.10176
17.739	69.509	0.12232	67.258	0.10105
17.794	69.552	0.12214	67.3	0.10086
17.849	69.524	0.12212	67.277	0.1008
17.905	69.502	0.1229	67.257	0.10154
17.96	69.508	0.12273	67.268	0.10133
18.015	69.544	0.12288	67.308	0.10139
18.07	69.588	0.12349	67.354	0.102
18.126	69.547	0.12311	67.32	0.10159
18.181	69.501	0.12354	67.278	0.10195
18.236	69.565	0.12453	67.343	0.10294
18.291	69.602	0.12441	67.382	0.10286
18.347	69.622	0.12441	67.402	0.10284
18.402	69.648	0.12557	67.428	0.10398
18.457	69.656	0.12466	67.441	0.10312
18.512	69.722	0.12417	67.509	0.10268
18.568	69.751	0.12381	67.541	0.10233
18.623	69.771	0.12341	67.564	0.10194
18.678	69.81	0.12331	67.607	0.1019
18.733	69.792	0.12164	67.599	0.10022
18.789	69.81	0.12242	67.619	0.10098
18.844	69.766	0.12193	67.582	0.10054
18.899	69.812	0.1215	67.628	0.10012
18.954	69.837	0.12165	67.651	0.10024
19.01	69.786	0.12223	67.602	0.10075
19.065	69.813	0.1249	67.624	0.10336
19.12	69.858	0.12434	67.67	0.1028
19.176	69.887	0.12403	67.699	0.10253
19.231	69.893	0.12414	67.703	0.10268
19.286	69.911	0.12398	67.721	0.10255
19.341	69.941	0.12382	67.754	0.10241
19.397	69.975	0.12378	67.793	0.10234
19.452	69.998	0.12215	67.828	0.10079
19.507	70.064	0.1225	67.897	0.10113
19.562	70.052	0.12226	67.889	0.10089
19.618	70.029	0.12177	67.871	0.10036
19.673	70.1	0.12316	67.937	0.10175
19.728	70.083	0.1234	67.92	0.10199
19.783	70.172	0.12364	68.003	0.10229
19.839	70.227	0.12338	68.062	0.1021
19.894	70.243	0.12291	68.079	0.10166
19.949	70.205	0.12221	68.048	0.10097
20.004	70.195	0.12313	68.039	0.10183
20.06	70.205	0.12198	68.054	0.10069
20.115	70.206	0.12323	68.058	0.10185
20.17	70.199	0.12256	68.054	0.10114
20.225	70.212	0.12209	68.073	0.10069
20.281	70.149	0.12131	68.021	0.099861
20.336	70.113	0.12219	67.987	0.10069
20.391	70.161	0.12309	68.038	0.10162
20.447	70.14	0.12354	68.019	0.10202
20.502	70.142	0.1241	68.025	0.10255
20.557	70.093	0.12387	67.983	0.10226
20.612	70.148	0.12403	68.039	0.10239
20.668	70.22	0.12472	68.107	0.10307
20.723	70.241	0.12433	68.132	0.1027
20.778	70.283	0.12383	68.178	0.10227
20.833	70.291	0.12319	68.189	0.10167
20.889	70.296	0.12268	68.2	0.10126
20.944	70.368	0.12253	68.277	0.10118
20.999	70.445	0.12185	68.359	0.10057
21.054	70.443	0.12135	68.359	0.10011
21.11	70.497	0.12177	68.412	0.10051
21.165	70.633	0.12198	68.544	0.10077
21.22	70.707	0.12337	68.61	0.10212
21.275	70.698	0.12403	68.595	0.10276
21.331	70.686	0.12403	68.584	0.1028
21.386	70.692	0.12352	68.593	0.10232
21.441	70.681	0.12282	68.578	0.10159
21.496	70.621	0.12483	68.515	0.10358
21.552	70.59	0.12571	68.483	0.10449
21.607	70.6	0.12503	68.493	0.10381
21.662	70.574	0.12468	68.467	0.10348
21.718	70.538	0.12461	68.433	0.10345
21.773	70.494	0.12476	68.39	0.10357
21.828	70.516	0.12556	68.411	0.10436
21.883	70.522	0.12544	68.415	0.10423
21.939	70.492	0.12578	68.387	0.10458
