Time	Fascicle Length R1_F1	Pennation Angle R1_F1	Fascicle Length R1_F2	Pennation Angle R1_F2	
0.96789	62.588	0.12637	61.225	0.09574
1.0248	62.927	0.125	61.545	0.094447
1.0818	63.011	0.12459	61.63	0.093948
1.1387	63.15	0.12645	61.757	0.095914
1.1956	63.227	0.12638	61.83	0.095909
1.2526	63.331	0.126	61.93	0.095605
1.3095	63.41	0.12607	62.002	0.095707
1.3664	63.441	0.1266	62.025	0.096284
1.4234	63.404	0.12778	61.988	0.097484
1.4803	63.384	0.12801	61.966	0.097723
1.5372	63.36	0.12773	61.941	0.097422
1.5942	63.461	0.12759	62.037	0.097343
1.6511	63.412	0.12827	61.983	0.098017
1.708	63.537	0.12831	62.102	0.098097
1.765	63.734	0.12888	62.284	0.098761
1.8219	63.84	0.12987	62.383	0.099807
1.8788	63.882	0.13064	62.422	0.10061
1.9358	63.829	0.13042	62.369	0.1004
1.9927	63.966	0.13056	62.497	0.10063
2.0496	63.923	0.13087	62.453	0.10095
2.1066	63.986	0.12974	62.516	0.09983
2.1635	63.984	0.13051	62.509	0.10059
2.2205	64.048	0.13006	62.57	0.10018
2.2774	64.025	0.13056	62.544	0.10064
2.3343	64.14	0.13023	62.653	0.10039
2.3913	64.091	0.12933	62.608	0.099456
2.4482	64.142	0.12886	62.655	0.099045
2.5051	64.13	0.12891	62.642	0.099094
2.5621	64.189	0.12874	62.699	0.098976
2.619	64.238	0.12857	62.746	0.09883
2.6759	64.22	0.12855	62.728	0.098802
2.7329	64.234	0.12882	62.739	0.099074
2.7898	64.278	0.12921	62.779	0.099476
2.8467	64.289	0.1286	62.789	0.098896
2.9037	64.308	0.12933	62.804	0.099626
2.9606	64.269	0.12921	62.765	0.099512
3.0175	64.373	0.12847	62.864	0.098806
3.0745	64.364	0.12831	62.854	0.098607
3.1314	64.386	0.12768	62.875	0.098001
3.1883	64.444	0.12907	62.926	0.099411
3.2453	64.49	0.12809	62.972	0.098465
3.3022	64.491	0.12869	62.97	0.099055
3.3591	64.438	0.12881	62.917	0.099163
3.4161	64.492	0.12824	62.968	0.098595
3.473	64.466	0.12782	62.943	0.098174
3.5299	64.508	0.12825	62.979	0.098628
3.5869	64.492	0.12795	62.963	0.098333
3.6438	64.558	0.12762	63.024	0.09802
3.7008	64.553	0.12721	63.017	0.097622
3.7577	64.547	0.12692	63.009	0.097328
3.8146	64.594	0.12597	63.053	0.096413
3.8716	64.623	0.12579	63.079	0.096278
3.9285	64.615	0.12482	63.072	0.095314
3.9854	64.698	0.12427	63.151	0.094801
4.0424	64.669	0.12432	63.122	0.094839
4.0993	64.775	0.1242	63.22	0.094773
4.1562	64.852	0.12453	63.292	0.095129
4.2132	64.839	0.12502	63.277	0.095609
4.2701	64.873	0.12469	63.309	0.095301
4.327	64.89	0.12464	63.322	0.095272
4.384	64.869	0.12486	63.299	0.095509
4.4409	64.933	0.12433	63.358	0.095032
4.4978	64.937	0.12406	63.363	0.094765
4.5548	64.937	0.12405	63.36	0.094742
4.6117	64.866	0.12398	63.291	0.094636
4.6686	64.977	0.12344	63.397	0.094149
4.7256	64.919	0.12378	63.341	0.094465
4.7825	64.943	0.12293	63.365	0.093616
4.8394	64.938	0.12341	63.356	0.094076
4.8964	64.969	0.12319	63.386	0.093876
4.9533	64.973	0.12334	63.387	0.094042
5.0102	65.002	0.12274	63.414	0.09347
5.0672	65.053	0.12235	63.462	0.093098
5.1241	65.042	0.12244	63.45	0.093183
5.1811	65.06	0.12205	63.466	0.092798
5.238	65.093	0.12214	63.495	0.092891
5.2949	65.118	0.12196	63.519	0.092743
5.3519	65.114	0.12175	63.514	0.092515
5.4088	65.12	0.1218	63.518	0.092577
5.4657	65.115	0.12175	63.512	0.09253
5.5227	65.17	0.1216	63.56	0.092433
5.5796	65.187	0.12085	63.575	0.091694
5.6365	65.201	0.12041	63.585	0.091253
5.6935	65.204	0.1202	63.588	0.091025
5.7504	65.196	0.11994	63.58	0.090751
5.8073	65.173	0.11938	63.558	0.090169
5.8643	65.231	0.11888	63.612	0.089688
5.9212	65.214	0.11897	63.594	0.089756
5.9781	65.212	0.11874	63.591	0.089516
6.0351	65.188	0.11766	63.568	0.088428
6.092	65.198	0.1177	63.575	0.088432
6.1489	65.212	0.11717	63.588	0.08792
6.2059	65.223	0.11626	63.6	0.087015
6.2628	65.227	0.11726	63.603	0.087987
6.3197	65.22	0.117	63.594	0.087735
6.3767	65.247	0.11648	63.62	0.087202
6.4336	65.174	0.11675	63.547	0.087447
6.4905	65.313	0.11541	63.678	0.086191
6.5475	65.257	0.11562	63.617	0.08634
6.6044	65.301	0.11463	63.656	0.085364
6.6614	65.329	0.11442	63.68	0.085168
6.7183	65.317	0.11307	63.669	0.083787
6.7752	65.298	0.11215	63.65	0.082792
6.8322	65.304	0.11456	63.647	0.085219
6.8891	65.4	0.1134	63.738	0.084168
6.946	65.396	0.11361	63.734	0.084374
7.003	65.425	0.11271	63.759	0.0835
7.0599	65.42	0.11198	63.752	0.082741
7.1168	65.437	0.11193	63.768	0.08272
7.1738	65.43	0.11094	63.761	0.081722
7.2307	65.489	0.11114	63.816	0.081954
7.2876	65.495	0.11044	63.819	0.08127
7.3446	65.47	0.1102	63.792	0.081011
7.4015	65.545	0.11041	63.862	0.08126
7.4584	65.554	0.10996	63.869	0.080812
7.5154	65.563	0.109	63.876	0.079867
7.5723	65.556	0.10873	63.869	0.079575
7.6292	65.569	0.1088	63.878	0.079643
7.6862	65.648	0.10803	63.952	0.078919
7.7431	65.666	0.1083	63.967	0.079214
7.8	65.639	0.10833	63.94	0.079248
7.857	65.704	0.1079	64.001	0.078833
7.9139	65.713	0.1076	64.008	0.078528
7.9708	65.705	0.10736	64	0.078279
8.0278	65.725	0.10742	64.019	0.078345
8.0847	65.769	0.10689	64.06	0.077849
8.1417	65.776	0.10685	64.065	0.077799
8.1986	65.791	0.10638	64.077	0.077361
8.2555	65.791	0.10636	64.076	0.077344
8.3125	65.847	0.10566	64.13	0.076673
8.3694	65.804	0.10623	64.085	0.0772
8.4263	65.815	0.10653	64.094	0.077501
8.4833	65.845	0.10638	64.122	0.07736
8.5402	65.869	0.10642	64.143	0.077412
8.5971	65.903	0.10594	64.175	0.076942
8.6541	65.884	0.1058	64.153	0.076797
8.711	65.933	0.10558	64.201	0.076598
8.7679	65.908	0.10532	64.175	0.076321
8.8249	65.898	0.10521	64.164	0.07621
8.8818	65.936	0.10514	64.2	0.07614
8.9387	65.993	0.10483	64.253	0.075838
8.9957	65.981	0.10472	64.24	0.075718
9.0526	66	0.10443	64.256	0.075447
9.1095	66.044	0.10403	64.298	0.075057
9.1665	66.025	0.10337	64.279	0.07437
9.2234	66.055	0.10269	64.307	0.073683
9.2803	66.046	0.10295	64.299	0.073907
9.3373	66.067	0.10301	64.318	0.073982
9.3942	66.119	0.10195	64.367	0.072937
9.4512	66.113	0.10123	64.36	0.072213
9.5081	66.125	0.10039	64.37	0.071366
9.565	66.172	0.10037	64.414	0.071338
9.622	66.229	0.10034	64.466	0.071313
9.6789	66.246	0.099307	64.481	0.070277
9.7358	66.309	0.09871	64.542	0.069692
9.7928	66.29	0.099196	64.522	0.070175
9.8497	66.343	0.098523	64.573	0.069537
9.9066	66.341	0.098298	64.569	0.069306
9.9636	66.389	0.097353	64.615	0.068386
10.02	66.409	0.09653	64.634	0.067552
10.077	66.436	0.097156	64.657	0.068161
10.134	66.459	0.096878	64.676	0.067897
10.191	66.479	0.09738	64.694	0.068424
10.248	66.427	0.096989	64.642	0.068024
10.305	66.543	0.096551	64.754	0.067639
10.362	66.516	0.096609	64.726	0.067679
10.419	66.546	0.096013	64.755	0.067092
10.476	66.546	0.095159	64.755	0.066208
10.533	66.599	0.095253	64.805	0.066317
10.59	66.544	0.095437	64.749	0.066495
10.647	66.574	0.094906	64.778	0.065988
10.704	66.593	0.094748	64.794	0.065845
10.761	66.606	0.09485	64.807	0.065948
10.818	66.604	0.094518	64.805	0.065618
10.875	66.584	0.094764	64.785	0.065821
10.931	66.64	0.094343	64.838	0.065419
10.988	66.641	0.094767	64.838	0.065848
11.045	66.707	0.094149	64.902	0.065247
11.102	66.704	0.094533	64.897	0.065614
11.159	66.716	0.094361	64.908	0.065445
11.216	66.728	0.094298	64.921	0.065382
11.273	66.734	0.094255	64.928	0.065332
11.33	66.709	0.093978	64.906	0.065023
11.387	66.715	0.093904	64.912	0.064972
11.444	66.725	0.09372	64.923	0.064777
11.501	66.717	0.094008	64.913	0.06506
11.558	66.722	0.094148	64.917	0.065223
11.615	66.761	0.093654	64.953	0.064737
11.672	66.752	0.09426	64.944	0.065339
11.729	66.782	0.094461	64.971	0.065546
11.785	66.764	0.094375	64.951	0.065459
11.842	66.845	0.094421	65.028	0.065522
11.899	66.864	0.094771	65.045	0.065879
11.956	66.823	0.094306	65.004	0.065393
12.013	66.877	0.093904	65.055	0.065009
12.07	66.894	0.093429	65.072	0.064524
12.127	66.94	0.093545	65.115	0.064667
12.184	66.91	0.093403	65.085	0.064526
12.241	66.948	0.09267	65.123	0.063804
12.298	66.941	0.0925	65.117	0.063602
12.355	66.958	0.092675	65.133	0.063759
12.412	66.99	0.09293	65.162	0.063999
12.469	66.976	0.092684	65.149	0.063734
12.526	67.033	0.093092	65.199	0.064167
12.583	67.111	0.092538	65.275	0.063626
12.639	67.077	0.092411	65.242	0.063478
12.696	67.047	0.092112	65.213	0.063158
12.753	67.109	0.091842	65.272	0.06289
12.81	67.115	0.091967	65.279	0.063037
12.867	67.117	0.091987	65.283	0.063059
12.924	67.073	0.092243	65.24	0.06329
12.981	67.093	0.092804	65.259	0.063865
13.038	67.143	0.092291	65.307	0.063382
13.095	67.083	0.092112	65.249	0.063168
13.152	67.089	0.092327	65.255	0.063372
13.209	67.096	0.092991	65.258	0.064069
13.266	67.181	0.092546	65.341	0.063676
13.323	67.207	0.09274	65.364	0.063897
13.38	67.139	0.092371	65.299	0.063489
13.437	67.216	0.092066	65.375	0.063197
13.494	67.224	0.092593	65.382	0.063739
13.55	67.217	0.092491	65.375	0.063643
13.607	67.239	0.092263	65.397	0.06343
13.664	67.19	0.092907	65.349	0.064044
13.721	67.236	0.093055	65.393	0.064215
13.778	67.255	0.093205	65.413	0.064361
13.835	67.233	0.093872	65.389	0.06503
13.892	67.268	0.093653	65.424	0.064825
13.949	67.286	0.093626	65.442	0.064791
14.006	67.28	0.093818	65.436	0.064951
14.063	67.274	0.094846	65.428	0.065948
14.12	67.307	0.095631	65.459	0.06675
14.177	67.315	0.096278	65.465	0.067383
14.234	67.309	0.097301	65.458	0.068413
14.291	67.377	0.096771	65.523	0.067918
14.348	67.358	0.096416	65.506	0.067517
14.404	67.371	0.096405	65.52	0.067478
14.461	67.392	0.096938	65.54	0.067994
14.518	67.324	0.09644	65.476	0.067455
14.575	67.318	0.096951	65.47	0.067951
14.632	67.344	0.096167	65.497	0.067163
14.689	67.367	0.096186	65.519	0.06715
14.746	67.35	0.096932	65.501	0.067874
14.803	67.353	0.097829	65.502	0.068782
14.86	67.35	0.097274	65.5	0.06824
14.917	67.376	0.096988	65.527	0.067927
14.974	67.381	0.096477	65.534	0.067395
15.031	67.391	0.096978	65.542	0.067893
15.088	67.391	0.097411	65.539	0.068335
15.145	67.43	0.097033	65.577	0.067973
15.202	67.404	0.097085	65.554	0.06801
15.258	67.415	0.096377	65.565	0.067304
15.315	67.392	0.097641	65.541	0.068535
15.372	67.422	0.097455	65.569	0.06834
15.429	67.472	0.098292	65.614	0.06919
15.486	67.447	0.098751	65.588	0.069642
15.543	67.47	0.098276	65.609	0.069172
15.6	67.469	0.098447	65.608	0.069345
15.657	67.421	0.098223	65.561	0.069105
15.714	67.44	0.097276	65.58	0.068173
15.771	67.484	0.098348	65.622	0.069247
15.828	67.486	0.097906	65.624	0.06877
15.885	67.444	0.097882	65.585	0.068691
15.942	67.489	0.098547	65.627	0.06939
15.999	67.467	0.099215	65.604	0.070041
16.056	67.501	0.099956	65.633	0.070831
16.113	67.474	0.099964	65.609	0.070828
16.169	67.566	0.099298	65.698	0.070226
16.226	67.524	0.099353	65.655	0.070257
16.283	67.531	0.10008	65.665	0.070948
16.34	67.528	0.099482	65.658	0.070369
16.397	67.503	0.09969	65.637	0.070544
16.454	67.522	0.099427	65.655	0.070263
16.511	67.563	0.098603	65.698	0.069445
16.568	67.588	0.099012	65.721	0.069852
16.625	67.596	0.099466	65.729	0.07032
16.682	67.567	0.099308	65.701	0.070159
16.739	67.658	0.10002	65.787	0.070926
16.796	67.615	0.1008	65.744	0.071698
16.853	67.635	0.10143	65.762	0.072355
16.91	67.668	0.10173	65.795	0.072658
16.967	67.685	0.10121	65.813	0.072157
17.023	67.663	0.10144	65.791	0.072385
17.08	67.712	0.10136	65.838	0.072329
17.137	67.695	0.10176	65.822	0.072728
17.194	67.712	0.10107	65.84	0.072047
17.251	67.728	0.10076	65.857	0.071744
17.308	67.711	0.10096	65.841	0.07191
17.365	67.705	0.10123	65.834	0.072188
17.422	67.709	0.10106	65.839	0.07203
17.479	67.762	0.10085	65.89	0.071845
17.536	67.734	0.101	65.864	0.071979
17.593	67.738	0.10085	65.868	0.071806
17.65	67.78	0.10183	65.909	0.072804
17.707	67.798	0.10099	65.928	0.071972
17.764	67.822	0.10057	65.953	0.071552
17.821	67.798	0.10148	65.928	0.072456
17.877	67.837	0.10109	65.966	0.072059
17.934	67.817	0.10208	65.946	0.073029
17.991	67.811	0.10176	65.94	0.072706
18.048	67.808	0.10225	65.936	0.073186
18.105	67.836	0.10215	65.962	0.073096
18.162	67.862	0.10176	65.985	0.072719
18.219	67.876	0.10164	65.999	0.072614
18.276	67.892	0.10175	66.014	0.072749
18.333	67.793	0.10159	65.919	0.072523
18.39	67.873	0.10187	65.996	0.07287
18.447	67.808	0.10199	65.932	0.072946
18.504	67.833	0.10198	65.956	0.072944
18.561	67.866	0.10199	65.986	0.072967
18.618	67.834	0.10202	65.957	0.072989
18.675	67.82	0.10199	65.943	0.072943
18.731	67.759	0.10221	65.886	0.073127
18.788	67.81	0.10234	65.935	0.073275
18.845	67.788	0.10258	65.914	0.073486
18.902	67.793	0.10264	65.916	0.073566
18.959	67.805	0.1029	65.929	0.073845
19.016	67.863	0.10274	65.983	0.073737
19.073	67.851	0.10209	65.972	0.073062
19.13	67.856	0.10286	65.977	0.073824
19.187	67.871	0.10281	65.99	0.073788
19.244	67.86	0.10271	65.978	0.073701
19.301	67.879	0.10249	65.996	0.073489
19.358	67.886	0.10275	66.004	0.073733
19.415	67.888	0.10289	66.005	0.073883
19.472	67.888	0.1028	66.005	0.073802
19.529	67.88	0.10325	65.998	0.074224
19.586	67.845	0.10346	65.965	0.074418
19.642	67.81	0.10311	65.934	0.074035
19.699	67.773	0.1037	65.896	0.07461
19.756	67.831	0.10345	65.954	0.074394
19.813	67.838	0.10402	65.957	0.074963
19.87	67.826	0.10455	65.943	0.075492
19.927	67.829	0.10445	65.948	0.075382
19.984	67.907	0.10507	66.021	0.076001
20.041	67.824	0.10559	65.941	0.076501
20.098	67.799	0.10535	65.92	0.076218
20.155	67.711	0.10626	65.834	0.077074
20.212	67.764	0.10642	65.884	0.077262
20.269	67.722	0.1065	65.842	0.077343
20.326	67.71	0.1071	65.831	0.077955
20.383	67.686	0.10724	65.809	0.078095
20.44	67.762	0.10746	65.879	0.078374
20.496	67.785	0.10772	65.9	0.07865
20.553	67.828	0.10777	65.94	0.078732
20.61	67.836	0.10799	65.946	0.078974
20.667	67.856	0.1082	65.964	0.079184
20.724	67.872	0.10799	65.98	0.079004
20.781	67.872	0.10811	65.981	0.079108
20.838	67.877	0.10818	65.985	0.079199
20.895	67.843	0.10815	65.953	0.079129
20.952	67.769	0.10807	65.883	0.079009
21.009	67.805	0.10844	65.919	0.079385
21.066	67.796	0.10799	65.91	0.078926
21.123	67.736	0.10851	65.854	0.079423
21.18	67.728	0.10793	65.844	0.078845
21.237	67.717	0.10855	65.834	0.07946
21.294	67.77	0.10795	65.886	0.078883
21.35	67.709	0.10869	65.825	0.079597
21.407	67.736	0.10855	65.852	0.079471
21.464	67.652	0.1082	65.771	0.079077
21.521	67.659	0.10835	65.778	0.079208
21.578	67.698	0.10837	65.813	0.079262
21.635	67.716	0.10869	65.83	0.079613
21.692	67.699	0.10866	65.812	0.079598
21.749	67.764	0.10876	65.873	0.079729
21.806	67.763	0.10857	65.872	0.079555
21.863	67.765	0.10857	65.873	0.079548
21.92	67.714	0.1086	65.824	0.079578
21.977	67.717	0.10844	65.828	0.079415
