Time	Fascicle Length R1_F1	Pennation Angle R1_F1	Fascicle Length R1_F2	Pennation Angle R1_F2	
0.053079	55.346	0.26541	57.036	0.23056
0.10616	56.564	0.25747	57.052	0.23034
0.15924	56.562	0.25755	57.048	0.23043
0.21231	56.587	0.25735	57.07	0.23025
0.26539	56.582	0.25704	57.064	0.22995
0.31847	56.592	0.2571	57.071	0.23002
0.37155	56.613	0.257	57.09	0.22993
0.42463	56.632	0.25708	57.107	0.23003
0.47771	56.635	0.25692	57.109	0.22987
0.53079	56.654	0.25668	57.126	0.22965
0.58386	56.684	0.25664	57.154	0.22963
0.63694	56.698	0.25655	57.166	0.22956
0.69002	56.704	0.25635	57.171	0.22938
0.7431	56.716	0.25642	57.181	0.22946
0.79618	56.718	0.25612	57.182	0.22917
0.84926	56.726	0.25627	57.187	0.22932
0.90234	56.743	0.25612	57.202	0.2292
0.95541	56.75	0.25588	57.207	0.22897
1.0085	56.762	0.25569	57.217	0.22879
1.0616	56.777	0.25566	57.231	0.22878
1.1146	56.8	0.25556	57.251	0.2287
1.1677	56.807	0.25532	57.256	0.22849
1.2208	56.821	0.25507	57.269	0.22826
1.2739	56.833	0.25487	57.279	0.22807
1.327	56.848	0.25487	57.292	0.22808
1.38	56.867	0.25466	57.31	0.22789
1.4331	56.899	0.25437	57.339	0.22762
1.4862	56.911	0.25417	57.349	0.22744
1.5393	56.921	0.25403	57.357	0.2273
1.5924	56.943	0.25403	57.377	0.22732
1.6454	56.958	0.25345	57.39	0.22676
1.6985	56.97	0.25334	57.4	0.22666
1.7516	56.99	0.25303	57.418	0.22636
1.8047	57.012	0.25321	57.437	0.22655
1.8577	57.028	0.25333	57.451	0.22668
1.9108	57.036	0.25319	57.458	0.22654
1.9639	57.053	0.25293	57.472	0.22628
2.017	57.083	0.25298	57.5	0.22634
2.0701	57.098	0.25278	57.513	0.22613
2.1231	57.113	0.25287	57.527	0.22624
2.1762	57.133	0.25284	57.545	0.22623
2.2293	57.161	0.25251	57.571	0.22592
2.2824	57.174	0.25281	57.581	0.22621
2.3355	57.176	0.25277	57.581	0.22618
2.3885	57.188	0.25221	57.592	0.22565
2.4416	57.214	0.25209	57.616	0.22555
2.4947	57.239	0.25168	57.64	0.22517
2.5478	57.258	0.25185	57.656	0.22534
2.6008	57.267	0.25194	57.665	0.22544
2.6539	57.261	0.25195	57.657	0.22546
2.707	57.264	0.25143	57.658	0.22497
2.7601	57.291	0.25114	57.683	0.2247
2.8132	57.32	0.25056	57.711	0.22414
2.8662	57.325	0.2503	57.713	0.22388
2.9193	57.328	0.25028	57.715	0.22386
2.9724	57.339	0.24998	57.725	0.22358
3.0255	57.333	0.25018	57.716	0.22378
3.0786	57.379	0.2499	57.761	0.22354
3.1316	57.385	0.25	57.764	0.22364
3.1847	57.408	0.25	57.784	0.22366
3.2378	57.437	0.24985	57.81	0.22353
3.2909	57.452	0.24957	57.824	0.22327
3.3439	57.476	0.24954	57.846	0.22325
3.397	57.479	0.24923	57.848	0.22295
3.4501	57.499	0.24918	57.867	0.22292
3.5032	57.511	0.24929	57.877	0.22305
3.5563	57.526	0.24904	57.891	0.22281
3.6093	57.547	0.24884	57.909	0.22263
3.6624	57.557	0.2487	57.918	0.22251
3.7155	57.568	0.24848	57.927	0.2223
3.7686	57.569	0.24749	57.929	0.22133
3.8217	57.537	0.24412	57.902	0.21802
3.8747	57.535	0.24289	57.901	0.21682
3.9278	57.535	0.24281	57.899	0.21676
3.9809	57.558	0.24325	57.92	0.21721
4.034	57.569	0.24353	57.93	0.21749
4.087	57.582	0.24395	57.939	0.21789
4.1401	57.625	0.24494	57.979	0.21887
4.1932	57.651	0.24563	58.001	0.21956
4.2463	57.657	0.24598	58.005	0.21991
4.2994	57.658	0.24638	58.005	0.22033
4.3524	57.702	0.24612	58.047	0.22011
4.4055	57.703	0.24647	58.048	0.22045
4.4586	57.725	0.2463	58.068	0.22029
4.5117	57.748	0.24623	58.09	0.22024
4.5648	57.744	0.24629	58.085	0.22031
4.6178	57.763	0.24584	58.104	0.21988
4.6709	57.785	0.24597	58.124	0.22001
4.724	57.801	0.24588	58.139	0.21994
4.7771	57.809	0.24578	58.146	0.21984
4.8301	57.841	0.24585	58.175	0.21992
4.8832	57.868	0.24599	58.2	0.22008
4.9363	57.893	0.24581	58.224	0.21991
4.9894	57.915	0.24579	58.243	0.21989
5.0425	57.932	0.24587	58.258	0.21998
5.0955	57.945	0.24602	58.268	0.2201
5.1486	57.965	0.24633	58.286	0.2204
5.2017	57.99	0.24626	58.309	0.22035
5.2548	58.015	0.24624	58.332	0.22036
5.3079	58.05	0.2459	58.365	0.22004
5.3609	58.065	0.24607	58.378	0.22022
5.414	58.082	0.24617	58.394	0.22032
5.4671	58.118	0.2465	58.427	0.22065
5.5202	58.127	0.24655	58.434	0.2207
5.5732	58.15	0.24662	58.455	0.22077
5.6263	58.18	0.24666	58.483	0.22081
5.6794	58.191	0.24685	58.492	0.221
5.7325	58.204	0.24703	58.504	0.22118
5.7856	58.222	0.24703	58.52	0.2212
5.8386	58.239	0.24676	58.536	0.22095
5.8917	58.256	0.24691	58.551	0.2211
5.9448	58.27	0.24697	58.562	0.22116
5.9979	58.283	0.24667	58.575	0.22088
6.051	58.299	0.24664	58.589	0.22087
6.104	58.346	0.24644	58.635	0.22071
6.1571	58.342	0.24635	58.63	0.22063
6.2102	58.382	0.2462	58.668	0.2205
6.2633	58.4	0.24595	58.685	0.22028
6.3163	58.42	0.24609	58.704	0.22042
6.3694	58.438	0.24637	58.719	0.2207
6.4225	58.449	0.24602	58.729	0.22037
6.4756	58.468	0.24614	58.747	0.22051
6.5287	58.477	0.24621	58.754	0.22058
6.5817	58.507	0.24603	58.783	0.22042
6.6348	58.526	0.24621	58.8	0.2206
6.6879	58.556	0.24612	58.828	0.22053
6.741	58.568	0.24593	58.84	0.22035
6.7941	58.599	0.24614	58.869	0.22056
6.8471	58.609	0.24616	58.877	0.22058
6.9002	58.656	0.24635	58.922	0.22079
6.9533	58.669	0.24646	58.933	0.2209
7.0064	58.679	0.24628	58.941	0.22073
7.0594	58.721	0.24611	58.981	0.22057
7.1125	58.72	0.24603	58.979	0.2205
7.1656	58.72	0.2461	58.977	0.22055
7.2187	58.747	0.24619	59.002	0.22065
7.2718	58.771	0.24621	59.024	0.22068
7.3248	58.769	0.2463	59.021	0.22078
7.3779	58.808	0.24592	59.059	0.22043
7.431	58.831	0.24591	59.081	0.22041
7.4841	58.836	0.24639	59.084	0.22089
7.5372	58.894	0.24643	59.14	0.22095
7.5902	58.939	0.24617	59.182	0.22074
7.6433	58.951	0.24602	59.193	0.22059
7.6964	58.99	0.24624	59.23	0.22083
7.7495	58.986	0.2462	59.225	0.22079
7.8025	59.003	0.24632	59.241	0.2209
7.8556	59.018	0.24655	59.255	0.22115
7.9087	59.06	0.24651	59.296	0.22114
7.9618	59.064	0.24655	59.299	0.22119
8.0149	59.091	0.24685	59.324	0.22149
8.0679	59.119	0.24672	59.351	0.22137
8.121	59.144	0.24675	59.374	0.22141
8.1741	59.184	0.24717	59.412	0.22182
8.2272	59.226	0.24736	59.45	0.22202
8.2803	59.26	0.24744	59.482	0.22212
8.3333	59.273	0.24772	59.494	0.2224
8.3864	59.295	0.2477	59.514	0.2224
8.4395	59.361	0.24738	59.577	0.22212
8.4926	59.36	0.24759	59.575	0.22232
8.5456	59.402	0.24705	59.617	0.22181
8.5987	59.426	0.24691	59.639	0.22168
8.6518	59.444	0.2472	59.654	0.22198
8.7049	59.449	0.24704	59.658	0.22181
8.758	59.483	0.24741	59.689	0.22219
8.811	59.517	0.24746	59.722	0.22223
8.8641	59.515	0.24765	59.718	0.22242
8.9172	59.57	0.24775	59.771	0.22253
8.9703	59.583	0.2478	59.783	0.22257
9.0234	59.601	0.24796	59.799	0.22274
9.0764	59.621	0.24801	59.818	0.22279
9.1295	59.663	0.24813	59.859	0.22292
9.1826	59.675	0.24813	59.87	0.22294
9.2357	59.709	0.24819	59.902	0.22302
9.2887	59.737	0.24836	59.929	0.22321
9.3418	59.75	0.24817	59.941	0.22304
9.3949	59.773	0.24823	59.963	0.22311
9.448	59.783	0.24821	59.973	0.22311
9.5011	59.786	0.24855	59.974	0.22344
9.5541	59.844	0.24849	60.03	0.22342
9.6072	59.863	0.24817	60.048	0.22311
9.6603	59.901	0.2482	60.084	0.22316
9.7134	59.939	0.24803	60.12	0.22299
9.7665	59.966	0.24798	60.146	0.22294
9.8195	59.974	0.24843	60.152	0.22337
9.8726	59.997	0.24842	60.174	0.22336
9.9257	60.002	0.24889	60.177	0.22384
9.9788	60.036	0.24876	60.211	0.22374
10.032	60.047	0.2487	60.22	0.22368
10.085	60.062	0.24877	60.234	0.22377
10.138	60.094	0.24869	60.264	0.2237
10.191	60.127	0.24846	60.295	0.22349
10.244	60.155	0.24813	60.322	0.22318
10.297	60.168	0.24849	60.334	0.22353
10.35	60.203	0.24872	60.367	0.22376
10.403	60.196	0.24915	60.358	0.22419
10.456	60.24	0.24897	60.4	0.22403
10.51	60.264	0.24914	60.423	0.22421
10.563	60.244	0.24918	60.403	0.22425
10.616	60.255	0.2491	60.415	0.22418
10.669	60.228	0.24883	60.388	0.2239
10.722	60.248	0.24895	60.408	0.22403
10.775	60.252	0.24878	60.41	0.22388
10.828	60.271	0.24904	60.428	0.22416
10.881	60.275	0.2485	60.432	0.22362
10.934	60.311	0.24869	60.468	0.22384
10.987	60.334	0.24866	60.489	0.22381
11.04	60.337	0.24863	60.491	0.22377
11.093	60.357	0.24842	60.511	0.22356
11.146	60.368	0.24853	60.521	0.22367
11.2	60.38	0.24803	60.533	0.22318
11.253	60.391	0.24844	60.544	0.22358
11.306	60.401	0.24846	60.552	0.2236
11.359	60.398	0.24798	60.55	0.22313
11.412	60.405	0.24811	60.556	0.22326
11.465	60.399	0.24816	60.55	0.22331
11.518	60.414	0.24798	60.565	0.22314
11.571	60.416	0.24818	60.567	0.22333
11.624	60.425	0.24805	60.576	0.22321
11.677	60.438	0.24801	60.589	0.22317
11.73	60.419	0.24843	60.57	0.22357
11.783	60.433	0.24832	60.584	0.22347
11.837	60.432	0.24808	60.582	0.22323
11.89	60.435	0.24827	60.585	0.22343
11.943	60.429	0.24795	60.579	0.22312
11.996	60.423	0.24782	60.575	0.22298
12.049	60.434	0.24766	60.586	0.22283
12.102	60.435	0.24741	60.587	0.22257
12.155	60.41	0.24763	60.563	0.22276
12.208	60.389	0.2476	60.543	0.22273
12.261	60.354	0.24756	60.511	0.22266
12.314	60.305	0.24773	60.464	0.2228
12.367	60.303	0.24767	60.462	0.22274
12.42	60.27	0.24745	60.431	0.22251
12.473	60.227	0.24716	60.391	0.22219
12.527	60.192	0.24724	60.359	0.22226
12.58	60.145	0.24686	60.314	0.22185
12.633	60.146	0.24679	60.319	0.22179
12.686	60.089	0.24685	60.263	0.22182
12.739	60.094	0.24704	60.269	0.22203
12.792	60.068	0.24663	60.245	0.22161
12.845	60.029	0.24628	60.211	0.22125
12.898	60.039	0.24625	60.224	0.22124
12.951	59.971	0.24644	60.159	0.2214
13.004	59.972	0.24653	60.16	0.22148
13.057	59.959	0.24654	60.148	0.2215
13.11	59.942	0.24618	60.133	0.22114
13.163	59.944	0.24579	60.137	0.22077
13.217	59.938	0.24569	60.131	0.22067
13.27	59.911	0.24531	60.105	0.22029
13.323	59.897	0.24544	60.093	0.22041
13.376	59.912	0.2452	60.108	0.22018
13.429	59.892	0.24517	60.088	0.22014
13.482	59.928	0.24506	60.123	0.22004
13.535	59.91	0.24483	60.107	0.21978
13.588	59.848	0.24478	60.048	0.2197
13.641	59.84	0.24429	60.042	0.21923
13.694	59.879	0.24379	60.08	0.21876
13.747	59.85	0.2435	60.053	0.21846
13.8	59.852	0.24311	60.057	0.21808
13.854	59.842	0.24298	60.048	0.21794
13.907	59.84	0.24222	60.048	0.21719
13.96	59.822	0.2421	60.031	0.21707
14.013	59.793	0.24186	60.005	0.21684
14.066	59.814	0.24112	60.028	0.21613
14.119	59.783	0.24108	59.998	0.21609
14.172	59.782	0.24055	60.001	0.21558
14.225	59.737	0.24004	59.961	0.21509
14.278	59.71	0.23974	59.937	0.21481
14.331	59.687	0.23963	59.916	0.21469
14.384	59.658	0.23961	59.888	0.21466
14.437	59.654	0.2389	59.885	0.21396
14.49	59.695	0.23831	59.926	0.21339
14.544	59.676	0.2384	59.907	0.21346
14.597	59.676	0.23832	59.907	0.21338
14.65	59.701	0.23782	59.932	0.21289
14.703	59.698	0.23761	59.93	0.21268
14.756	59.674	0.23743	59.908	0.21249
14.809	59.692	0.23714	59.925	0.21221
14.862	59.647	0.23717	59.882	0.21223
14.915	59.646	0.2371	59.883	0.21217
14.968	59.64	0.2365	59.879	0.21159
15.021	59.624	0.2358	59.864	0.21089
15.074	59.619	0.23563	59.86	0.21072
15.127	59.602	0.23601	59.844	0.21108
15.18	59.612	0.23568	59.854	0.21076
15.234	59.585	0.23578	59.827	0.21084
15.287	59.588	0.2356	59.831	0.21065
15.34	59.573	0.23548	59.818	0.21052
15.393	59.578	0.23522	59.822	0.21027
15.446	59.572	0.23528	59.818	0.21033
15.499	59.571	0.23508	59.818	0.21013
15.552	59.558	0.23497	59.808	0.21001
15.605	59.552	0.23484	59.803	0.20987
15.658	59.526	0.23515	59.777	0.21017
15.711	59.518	0.23524	59.771	0.21025
15.764	59.511	0.2351	59.766	0.21011
15.817	59.483	0.2352	59.74	0.21021
15.87	59.5	0.23496	59.758	0.20996
15.924	59.492	0.23461	59.753	0.2096
15.977	59.477	0.23467	59.739	0.20966
16.03	59.499	0.2348	59.761	0.20979
16.083	59.485	0.23449	59.749	0.20949
16.136	59.466	0.23455	59.731	0.20955
16.189	59.473	0.23427	59.741	0.20928
16.242	59.476	0.23412	59.745	0.20914
16.295	59.487	0.23427	59.756	0.20928
16.348	59.464	0.23443	59.735	0.20944
16.401	59.472	0.23411	59.745	0.20912
16.454	59.449	0.23406	59.725	0.20906
16.507	59.433	0.23423	59.71	0.20923
16.561	59.443	0.23388	59.723	0.2089
16.614	59.439	0.23396	59.72	0.20897
16.667	59.417	0.23368	59.7	0.2087
16.72	59.419	0.23331	59.705	0.20833
16.773	59.413	0.2333	59.7	0.20833
16.826	59.416	0.23332	59.704	0.20835
16.879	59.436	0.23318	59.726	0.20822
16.932	59.44	0.23353	59.731	0.20855
16.985	59.439	0.23365	59.73	0.20868
17.038	59.437	0.23347	59.731	0.20849
17.091	59.457	0.23331	59.753	0.20833
17.144	59.432	0.23333	59.73	0.20834
17.197	59.438	0.23336	59.737	0.20836
17.251	59.433	0.23334	59.733	0.20835
17.304	59.42	0.23304	59.724	0.20805
17.357	59.425	0.23343	59.729	0.20842
17.41	59.406	0.23341	59.711	0.20839
17.463	59.416	0.23328	59.723	0.20827
17.516	59.4	0.23395	59.707	0.20891
17.569	59.399	0.23385	59.708	0.20884
17.622	59.355	0.23372	59.667	0.2087
17.675	59.361	0.23341	59.675	0.2084
17.728	59.329	0.23319	59.646	0.20817
17.781	59.33	0.23355	59.648	0.20853
17.834	59.292	0.23358	59.613	0.20853
17.887	59.276	0.23326	59.6	0.20822
17.941	59.226	0.23313	59.552	0.20808
17.994	59.214	0.23318	59.541	0.20811
18.047	59.184	0.23299	59.515	0.20792
18.1	59.149	0.23294	59.481	0.20786
18.153	59.143	0.23244	59.479	0.20736
18.206	59.121	0.23255	59.458	0.20747
18.259	59.093	0.23261	59.432	0.20752
18.312	59.094	0.23238	59.435	0.20729
18.365	59.066	0.23258	59.408	0.20749
18.418	59.043	0.23218	59.388	0.2071
18.471	59.038	0.23203	59.385	0.20695
18.524	59.008	0.23143	59.358	0.20636
18.577	58.99	0.23109	59.344	0.20602
18.631	58.997	0.23093	59.352	0.20588
18.684	58.989	0.23078	59.346	0.20573
18.737	58.962	0.23092	59.32	0.20586
18.79	58.989	0.23057	59.349	0.20551
18.843	58.934	0.23075	59.296	0.20565
18.896	58.927	0.23065	59.289	0.20555
18.949	58.915	0.23042	59.28	0.20532
19.002	58.884	0.23014	59.251	0.20503
19.055	58.885	0.23015	59.253	0.20503
19.108	58.857	0.23019	59.228	0.20505
19.161	58.847	0.23005	59.22	0.20491
19.214	58.818	0.23004	59.193	0.20489
19.268	58.789	0.22998	59.165	0.20483
19.321	58.774	0.22979	59.152	0.20463
19.374	58.747	0.22998	59.128	0.2048
19.427	58.729	0.23018	59.111	0.20499
19.48	58.713	0.23049	59.098	0.20528
19.533	58.727	0.2304	59.114	0.20518
19.586	58.71	0.23093	59.099	0.20569
19.639	58.716	0.23143	59.104	0.20619
19.692	58.716	0.23075	59.107	0.20552
19.745	58.664	0.23079	59.059	0.20552
19.798	58.682	0.23059	59.079	0.20534
19.851	58.68	0.23042	59.079	0.20517
19.904	58.658	0.23018	59.06	0.20493
19.958	58.649	0.23031	59.052	0.20504
20.011	58.644	0.23019	59.049	0.20492
20.064	58.623	0.23054	59.029	0.20525
20.117	58.635	0.23044	59.041	0.20515
20.17	58.617	0.23076	59.025	0.20546
20.223	58.624	0.23056	59.033	0.20526
20.276	58.607	0.23061	59.018	0.2053
20.329	58.605	0.23068	59.018	0.20534
20.382	58.596	0.23108	59.01	0.2057
20.435	58.594	0.23185	59.008	0.20644
20.488	58.582	0.23188	58.998	0.20647
20.541	58.548	0.23187	58.966	0.20644
20.594	58.538	0.23204	58.959	0.20659
20.648	58.533	0.23182	58.956	0.20638
20.701	58.525	0.23169	58.95	0.20624
20.754	58.531	0.23186	58.958	0.20643
20.807	58.545	0.23149	58.974	0.20607
20.86	58.521	0.23134	58.953	0.20591
20.913	58.515	0.23141	58.948	0.20598
20.966	58.501	0.23127	58.936	0.20583
