Time	Fascicle Length R1_F1	Pennation Angle R1_F1	Fascicle Length R1_F2	Pennation Angle R1_F2	
0.055261	63.343	0.19871	57.504	0.19848
0.11052	63.358	0.198	57.517	0.19777
0.16578	63.365	0.19808	57.523	0.19785
0.22104	63.358	0.19797	57.517	0.19775
0.2763	63.366	0.19814	57.524	0.19791
0.33156	63.358	0.19811	57.517	0.19788
0.38683	63.345	0.19789	57.505	0.19766
0.44209	63.351	0.19796	57.511	0.19773
0.49735	63.365	0.19793	57.524	0.1977
0.55261	63.359	0.19763	57.517	0.1974
0.60787	63.343	0.19794	57.503	0.19771
0.66313	63.24	0.19778	57.409	0.19755
0.71839	63.038	0.19322	57.227	0.193
0.77365	62.937	0.1917	57.135	0.19147
0.82891	62.972	0.19162	57.167	0.1914
0.88417	63.057	0.1916	57.243	0.19137
0.93943	63.117	0.19214	57.298	0.19192
0.99469	63.206	0.19345	57.379	0.19323
1.05	63.293	0.19438	57.458	0.19415
1.1052	63.31	0.1952	57.473	0.19497
1.1605	63.352	0.19546	57.511	0.19523
1.2157	63.395	0.19504	57.55	0.19482
1.271	63.395	0.19526	57.55	0.19503
1.3263	63.397	0.19558	57.552	0.19536
1.3815	63.434	0.19558	57.585	0.19536
1.4368	63.431	0.19557	57.583	0.19534
1.492	63.49	0.19645	57.636	0.19622
1.5473	63.53	0.19632	57.673	0.19609
1.6026	63.567	0.19627	57.706	0.19604
1.6578	63.562	0.19626	57.702	0.19604
1.7131	63.563	0.19609	57.702	0.19587
1.7683	63.535	0.19576	57.677	0.19553
1.8236	63.54	0.19494	57.682	0.19472
1.8789	63.493	0.19431	57.639	0.19409
1.9341	63.525	0.19377	57.667	0.19354
1.9894	63.52	0.19355	57.664	0.19332
2.0447	63.538	0.19301	57.679	0.19279
2.0999	63.531	0.19272	57.673	0.1925
2.1552	63.586	0.19226	57.723	0.19203
2.2104	63.558	0.19202	57.698	0.19179
2.2657	63.596	0.19149	57.732	0.19127
2.321	63.584	0.19132	57.721	0.1911
2.3762	63.585	0.19103	57.722	0.19081
2.4315	63.623	0.19078	57.756	0.19055
2.4867	63.627	0.19067	57.76	0.19044
2.542	63.645	0.19073	57.777	0.1905
2.5973	63.648	0.19062	57.779	0.1904
2.6525	63.692	0.18999	57.819	0.18977
2.7078	63.682	0.18984	57.81	0.18962
2.763	63.678	0.1891	57.806	0.18887
2.8183	63.701	0.18881	57.827	0.18859
2.8736	63.748	0.18834	57.869	0.18811
2.9288	63.734	0.18854	57.857	0.18832
2.9841	63.755	0.18848	57.876	0.18826
3.0393	63.754	0.18809	57.875	0.18786
3.0946	63.751	0.18783	57.873	0.18761
3.1499	63.773	0.18765	57.893	0.18742
3.2051	63.783	0.18762	57.901	0.18739
3.2604	63.821	0.18735	57.936	0.18713
3.3156	63.793	0.18716	57.911	0.18694
3.3709	63.799	0.18716	57.916	0.18694
3.4262	63.834	0.18677	57.948	0.18655
3.4814	63.808	0.1864	57.924	0.18618
3.5367	63.806	0.18646	57.922	0.18624
3.592	63.859	0.18624	57.97	0.18602
3.6472	63.848	0.18611	57.96	0.18589
3.7025	63.854	0.18538	57.965	0.18516
3.7577	63.846	0.18506	57.959	0.18484
3.813	63.892	0.1847	58	0.18447
3.8683	63.843	0.18437	57.956	0.18415
3.9235	63.9	0.18376	58.007	0.18354
3.9788	63.911	0.18329	58.017	0.18307
4.034	63.933	0.18308	58.037	0.18286
4.0893	63.988	0.18242	58.087	0.1822
4.1446	63.994	0.18312	58.093	0.1829
4.1998	64.017	0.18298	58.113	0.18276
4.2551	64.027	0.18277	58.122	0.18255
4.3103	64.033	0.18294	58.128	0.18273
4.3656	64.075	0.18269	58.166	0.18247
4.4209	64.051	0.18248	58.145	0.18226
4.4761	64.083	0.18254	58.174	0.18232
4.5314	64.05	0.18236	58.143	0.18214
4.5866	64.084	0.18153	58.174	0.18131
4.6419	64.094	0.1815	58.183	0.18128
4.6972	64.121	0.18198	58.208	0.18176
4.7524	64.115	0.18197	58.202	0.18175
4.8077	64.102	0.18217	58.19	0.18195
4.863	64.126	0.18178	58.212	0.18156
4.9182	64.128	0.18178	58.214	0.18156
4.9735	64.14	0.18163	58.225	0.18141
5.0287	64.117	0.1819	58.204	0.18168
5.084	64.108	0.18157	58.196	0.18135
5.1393	64.097	0.18199	58.186	0.18177
5.1945	64.06	0.18194	58.153	0.18172
5.2498	64.105	0.18147	58.193	0.18125
5.305	64.093	0.18141	58.182	0.18119
5.3603	64.087	0.18109	58.177	0.18087
5.4156	64.069	0.18179	58.16	0.18157
5.4708	64.097	0.18248	58.186	0.18226
5.5261	64.059	0.18204	58.151	0.18182
5.5813	64.023	0.18168	58.118	0.18146
5.6366	64.004	0.18174	58.102	0.18152
5.6919	64.013	0.18182	58.11	0.1816
5.7471	63.943	0.18248	58.046	0.18226
5.8024	63.937	0.18242	58.041	0.1822
5.8576	63.942	0.18268	58.046	0.18246
5.9129	63.912	0.18278	58.018	0.18256
5.9682	63.925	0.18266	58.03	0.18244
6.0234	63.907	0.18282	58.014	0.1826
6.0787	63.93	0.18367	58.035	0.18344
6.134	63.931	0.18409	58.035	0.18387
6.1892	63.895	0.18398	58.003	0.18376
6.2445	63.732	0.18295	57.855	0.18273
6.2997	63.665	0.18266	57.794	0.18244
6.355	63.647	0.18276	57.778	0.18254
6.4103	63.625	0.18399	57.758	0.18376
6.4655	63.643	0.18415	57.774	0.18393
6.5208	63.627	0.18564	57.759	0.18542
6.576	63.632	0.18685	57.765	0.18663
6.6313	63.652	0.18767	57.783	0.18745
6.6866	63.582	0.18918	57.719	0.18896
6.7418	63.54	0.1894	57.68	0.18917
6.7971	63.54	0.18901	57.681	0.18878
6.8523	63.511	0.18932	57.655	0.18909
6.9076	63.516	0.18956	57.659	0.18934
6.9629	63.482	0.18931	57.628	0.18908
7.0181	63.44	0.18983	57.59	0.18961
7.0734	63.426	0.19017	57.577	0.18994
7.1286	63.38	0.18891	57.535	0.18868
7.1839	63.311	0.18913	57.473	0.18891
7.2392	63.374	0.18881	57.531	0.18859
7.2944	63.404	0.1891	57.557	0.18887
7.3497	63.395	0.1892	57.55	0.18897
7.405	63.406	0.18897	57.559	0.18875
7.4602	63.386	0.1899	57.541	0.18968
7.5155	63.381	0.18992	57.537	0.18969
7.5707	63.351	0.19068	57.51	0.19045
7.626	63.357	0.19155	57.515	0.19132
7.6813	63.347	0.19103	57.506	0.19081
7.7365	63.361	0.19162	57.519	0.19139
7.7918	63.372	0.19155	57.528	0.19132
7.847	63.348	0.19156	57.507	0.19133
7.9023	63.355	0.19208	57.513	0.19185
7.9576	63.322	0.192	57.483	0.19177
8.0128	63.322	0.19278	57.484	0.19255
8.0681	63.336	0.1928	57.496	0.19257
8.1233	63.346	0.19278	57.506	0.19256
8.1786	63.354	0.19362	57.513	0.19339
8.2339	63.347	0.19336	57.506	0.19313
8.2891	63.345	0.19422	57.505	0.19399
8.3444	63.345	0.19436	57.505	0.19413
8.3996	63.34	0.19448	57.5	0.19425
8.4549	63.339	0.19542	57.499	0.19519
8.5102	63.324	0.19565	57.486	0.19543
8.5654	63.32	0.19517	57.482	0.19494
8.6207	63.339	0.1957	57.499	0.19547
8.676	63.357	0.19624	57.516	0.19601
8.7312	63.393	0.19569	57.549	0.19546
8.7865	63.393	0.19685	57.548	0.19662
8.8417	63.409	0.19706	57.563	0.19683
8.897	63.419	0.19645	57.572	0.19622
8.9523	63.42	0.1977	57.573	0.19747
9.0075	63.409	0.19831	57.563	0.19808
9.0628	63.419	0.19795	57.572	0.19772
9.118	63.386	0.19871	57.542	0.19848
9.1733	63.384	0.19851	57.54	0.19828
9.2286	63.393	0.1976	57.548	0.19737
9.2838	63.37	0.19926	57.527	0.19903
9.3391	63.365	0.19993	57.523	0.1997
9.3943	63.406	0.20053	57.56	0.2003
9.4496	63.346	0.19992	57.506	0.19969
9.5049	63.36	0.19965	57.519	0.19942
9.5601	63.355	0.20075	57.514	0.20052
9.6154	63.364	0.20026	57.522	0.20003
9.6706	63.366	0.20146	57.525	0.20123
9.7259	63.402	0.20244	57.557	0.20221
9.7812	63.314	0.20206	57.477	0.20183
9.8364	63.335	0.20292	57.496	0.20269
9.8917	63.376	0.20309	57.534	0.20286
9.9469	63.352	0.20318	57.511	0.20295
10.002	63.365	0.20295	57.523	0.20271
10.057	63.334	0.20388	57.495	0.20365
10.113	63.378	0.20485	57.535	0.20461
10.168	63.371	0.20613	57.529	0.2059
10.223	63.381	0.20664	57.538	0.2064
10.279	63.375	0.20569	57.532	0.20546
10.334	63.369	0.20625	57.527	0.20602
10.389	63.359	0.20611	57.518	0.20587
10.444	63.4	0.20657	57.555	0.20634
10.5	63.402	0.20801	57.557	0.20778
10.555	63.409	0.2081	57.564	0.20787
10.61	63.445	0.20851	57.596	0.20828
10.665	63.455	0.20905	57.606	0.20881
10.721	63.43	0.20874	57.583	0.20851
10.776	63.447	0.20977	57.598	0.20954
10.831	63.455	0.20931	57.606	0.20908
10.886	63.443	0.20953	57.595	0.2093
10.942	63.453	0.2104	57.604	0.21017
10.997	63.457	0.21031	57.607	0.21007
11.052	63.427	0.21155	57.58	0.21131
11.107	63.419	0.21154	57.573	0.21131
11.163	63.411	0.21238	57.566	0.21214
11.218	63.421	0.21248	57.575	0.21224
11.273	63.439	0.21226	57.591	0.21202
11.328	63.458	0.21425	57.609	0.21401
11.384	63.465	0.21277	57.614	0.21254
11.439	63.47	0.21429	57.62	0.21406
11.494	63.477	0.21486	57.625	0.21462
11.55	63.449	0.21479	57.6	0.21456
11.605	63.433	0.21652	57.586	0.21628
11.66	63.454	0.2177	57.605	0.21746
11.715	63.457	0.21647	57.608	0.21624
11.771	63.466	0.21755	57.615	0.21732
11.826	63.41	0.21824	57.565	0.218
11.881	63.455	0.21781	57.606	0.21758
11.936	63.482	0.21869	57.63	0.21845
11.992	63.445	0.21876	57.597	0.21853
12.047	63.46	0.21803	57.611	0.2178
12.102	63.478	0.21902	57.627	0.21878
12.157	63.477	0.21909	57.626	0.21885
12.213	63.49	0.22015	57.638	0.21992
12.268	63.509	0.21977	57.655	0.21953
12.323	63.475	0.2202	57.624	0.21997
12.378	63.516	0.22113	57.661	0.2209
12.434	63.506	0.22056	57.652	0.22033
12.489	63.529	0.22166	57.673	0.22142
12.544	63.513	0.22171	57.659	0.22147
12.599	63.497	0.22119	57.644	0.22095
12.655	63.514	0.22135	57.659	0.22111
12.71	63.502	0.22115	57.649	0.22092
12.765	63.496	0.22163	57.643	0.22139
12.821	63.517	0.22331	57.662	0.22307
12.876	63.499	0.22288	57.646	0.22264
12.931	63.504	0.22406	57.65	0.22382
12.986	63.488	0.22297	57.636	0.22273
13.042	63.531	0.22332	57.675	0.22308
13.097	63.482	0.22457	57.63	0.22433
13.152	63.497	0.22449	57.645	0.22425
13.207	63.51	0.22433	57.656	0.22409
13.263	63.463	0.22492	57.613	0.22468
13.318	63.45	0.22508	57.601	0.22484
13.373	63.512	0.22537	57.658	0.22513
13.428	63.414	0.2248	57.569	0.22456
13.484	63.453	0.22472	57.604	0.22448
13.539	63.436	0.22485	57.589	0.22461
13.594	63.418	0.22481	57.573	0.22457
13.649	63.411	0.22479	57.567	0.22455
13.705	63.461	0.22556	57.612	0.22532
13.76	63.418	0.22534	57.573	0.2251
13.815	63.451	0.2256	57.602	0.22535
13.87	63.43	0.22509	57.583	0.22485
13.926	63.411	0.22522	57.567	0.22498
13.981	63.415	0.22503	57.57	0.22479
14.036	63.392	0.22506	57.549	0.22482
14.092	63.438	0.22488	57.591	0.22464
14.147	63.42	0.22533	57.574	0.22509
14.202	63.431	0.22549	57.584	0.22525
14.257	63.426	0.22559	57.58	0.22535
14.313	63.434	0.22482	57.587	0.22458
14.368	63.397	0.22446	57.554	0.22422
14.423	63.39	0.22492	57.547	0.22467
14.478	63.386	0.22535	57.543	0.22511
14.534	63.405	0.22518	57.561	0.22494
14.589	63.369	0.22452	57.528	0.22427
14.644	63.373	0.22499	57.532	0.22474
14.699	63.401	0.22517	57.557	0.22493
14.755	63.418	0.22527	57.573	0.22502
14.81	63.398	0.22537	57.555	0.22513
14.865	63.47	0.22659	57.62	0.22635
14.92	63.457	0.22544	57.608	0.2252
14.976	63.456	0.22632	57.607	0.22608
15.031	63.434	0.22581	57.587	0.22557
15.086	63.421	0.22538	57.576	0.22514
15.141	63.452	0.22607	57.604	0.22583
15.197	63.448	0.22608	57.6	0.22583
15.252	63.493	0.22597	57.641	0.22573
15.307	63.5	0.2259	57.647	0.22566
15.363	63.532	0.2266	57.676	0.22635
15.418	63.434	0.2254	57.588	0.22515
15.473	63.483	0.22644	57.631	0.2262
15.528	63.544	0.22621	57.687	0.22597
15.584	63.529	0.22737	57.673	0.22712
15.639	63.536	0.22733	57.679	0.22709
15.694	63.528	0.22652	57.672	0.22627
15.749	63.441	0.22611	57.594	0.22587
15.805	63.505	0.22632	57.651	0.22608
15.86	63.476	0.22801	57.625	0.22776
15.915	63.46	0.22742	57.611	0.22717
15.97	63.47	0.2282	57.62	0.22795
16.026	63.404	0.22715	57.56	0.22691
16.081	63.4	0.22629	57.556	0.22605
16.136	63.396	0.22633	57.553	0.22609
16.191	63.542	0.22923	57.685	0.22899
16.247	63.482	0.22796	57.63	0.22772
16.302	63.484	0.22808	57.632	0.22783
16.357	63.428	0.22639	57.581	0.22614
16.412	63.409	0.22603	57.564	0.22579
16.468	63.419	0.2262	57.574	0.22595
16.523	63.448	0.22691	57.6	0.22666
16.578	63.369	0.22708	57.528	0.22683
16.634	63.409	0.22744	57.565	0.22719
16.689	63.307	0.22444	57.472	0.22419
16.744	63.279	0.22405	57.446	0.2238
16.799	63.267	0.22557	57.436	0.22532
16.855	63.191	0.22535	57.367	0.22509
16.91	63.001	0.22483	57.194	0.22458
16.965	62.914	0.22354	57.115	0.22328
17.02	62.863	0.22544	57.068	0.22518
17.076	62.678	0.22417	56.9	0.22391
17.131	62.451	0.22215	56.694	0.22189
17.186	62.412	0.21972	56.659	0.21945
17.241	62.687	0.21287	56.908	0.21261
17.297	62.355	0.21003	56.607	0.20977
17.352	61.906	0.20004	56.199	0.19978
17.407	61.338	0.19256	55.684	0.19229
17.462	59.984	0.18222	54.454	0.18195
17.518	58.548	0.16976	53.151	0.16948
17.573	56.525	0.15851	51.315	0.15822
17.628	54.536	0.15004	49.51	0.14973
17.683	51.534	0.14505	46.785	0.14472
17.739	48.626	0.14627	44.144	0.14592
17.794	42.131	0.17715	38.247	0.17674
17.849	30.189	0.32725	27.403	0.32669
17.905	21.649	0.40277	19.648	0.40201
17.96	21.552	0.40499	19.56	0.40423
18.015	21.742	0.40743	19.732	0.40667
18.07	21.717	0.40924	19.709	0.40848
18.126	21.799	0.41402	19.783	0.41327
18.181	21.756	0.41717	19.744	0.41642
18.236	21.677	0.42015	19.673	0.4194
18.291	21.659	0.4232	19.656	0.42245
18.347	21.728	0.42343	19.719	0.42268
18.402	21.686	0.42505	19.681	0.4243
18.457	21.584	0.42676	19.589	0.426
18.512	21.635	0.42903	19.635	0.42827
18.568	21.533	0.42982	19.542	0.42906
18.623	21.62	0.42566	19.621	0.4249
18.678	21.581	0.42772	19.586	0.42696
18.733	21.557	0.4284	19.565	0.42764
18.789	21.681	0.42679	19.677	0.42604
18.844	21.724	0.4265	19.716	0.42575
18.899	21.595	0.42869	19.599	0.42794
18.954	21.527	0.42843	19.537	0.42767
19.01	21.621	0.42699	19.622	0.42624
19.065	21.648	0.42786	19.647	0.42711
19.12	21.609	0.42601	19.611	0.42526
19.176	21.541	0.4268	19.549	0.42605
19.231	21.634	0.42644	19.634	0.42569
19.286	21.625	0.43015	19.625	0.42939
19.341	21.523	0.42922	19.533	0.42847
19.397	21.463	0.4286	19.478	0.42784
19.452	21.356	0.42923	19.382	0.42847
19.507	21.459	0.4295	19.475	0.42874
19.562	21.477	0.42671	19.491	0.42596
19.618	21.488	0.4304	19.502	0.42964
19.673	21.425	0.42879	19.445	0.42803
19.728	21.418	0.42842	19.438	0.42766
19.783	21.542	0.42554	19.551	0.42479
19.839	21.468	0.42938	19.484	0.42862
19.894	21.451	0.42694	19.468	0.42619
19.949	21.537	0.42788	19.546	0.42713
20.004	21.505	0.42841	19.516	0.42766
20.06	21.513	0.42508	19.524	0.42433
20.115	21.501	0.42731	19.513	0.42655
20.17	21.47	0.43037	19.485	0.42962
20.225	21.551	0.42761	19.559	0.42685
20.281	21.458	0.4288	19.474	0.42805
20.336	21.407	0.43279	19.427	0.43203
20.391	21.576	0.42791	19.581	0.42715
20.447	21.35	0.42909	19.376	0.42833
20.502	21.452	0.43057	19.469	0.42981
20.557	21.45	0.42957	19.467	0.42881
20.612	21.588	0.43053	19.592	0.42978
20.668	21.362	0.43032	19.387	0.42955
20.723	21.629	0.42875	19.629	0.428
20.778	21.52	0.4302	19.53	0.42944
20.833	21.514	0.43088	19.525	0.43013
20.889	21.405	0.42979	19.426	0.42903
20.944	21.491	0.42962	19.504	0.42886
20.999	21.414	0.42964	19.435	0.42888
21.054	21.575	0.42695	19.58	0.4262
21.11	21.581	0.42843	19.586	0.42768
21.165	21.532	0.42951	19.541	0.42875
21.22	21.521	0.42886	19.531	0.42811
21.275	21.577	0.42552	19.582	0.42478
21.331	21.522	0.43125	19.532	0.4305
21.386	21.498	0.42907	19.51	0.42831
21.441	21.598	0.42732	19.601	0.42657
21.496	21.5	0.42827	19.512	0.42751
21.552	21.532	0.42942	19.541	0.42867
21.607	21.592	0.42677	19.595	0.42602
21.662	21.568	0.4267	19.574	0.42595
21.718	21.572	0.4283	19.578	0.42754
21.773	21.509	0.4273	19.521	0.42654
21.828	21.51	0.42718	19.521	0.42643
